0 0 -506.403
0 0 0 0 0 -0.00048 0 -0.00048
1 0.0123986 0 0.00144 0 -0.0012 0 -0.0012
2 0.0991521 3e-005 0.00577 -1e-005 -0.00336 -1e-005 -0.00336
3 0.33443 0.00012 0.01297 -6e-005 -0.00697 -6e-005 -0.00693
4 0.792034 0.0003 0.02306 -0.00015 -0.01204 -0.00015 -0.01185
5 1.54521 0.0006 0.03601 -0.0003 -0.01859 -0.00029 -0.018
6 2.66648 0.00103 0.05186 -0.00052 -0.02667 -0.0005 -0.02521
7 4.22742 0.00164 0.0706 -0.00083 -0.03634 -0.00079 -0.03319
8 6.29856 0.00245 0.09227 -0.00124 -0.04771 -0.00115 -0.0416
9 8.94913 0.0035 0.11687 -0.00178 -0.06088 -0.0016 -0.04993
10 12.2469 0.0048 0.14442 -0.00247 -0.076 -0.00213 -0.05758
11 16.2581 0.0064 0.17486 -0.00332 -0.09323 -0.00273 -0.06379
12 21.0471 0.00831 0.20812 -0.00436 -0.11273 -0.00336 -0.06762
13 26.6764 0.01057 0.24398 -0.00561 -0.13464 -0.00402 -0.06799
14 33.2065 0.0132 0.28212 -0.00711 -0.15906 -0.00464 -0.06364
15 40.6953 0.01622 0.32201 -0.00889 -0.18601 -0.00518 -0.05314
16 49.1988 0.01964 0.36288 -0.01096 -0.2154 -0.00555 -0.0349
17 58.7701 0.02347 0.40369 -0.01337 -0.24693 -0.00568 -0.00724
18 69.4599 0.02771 0.44304 -0.01613 -0.28006 -0.00544 0.03156
19 81.3159 0.03232 0.47923 -0.01926 -0.31393 -0.00472 0.08322
20 94.383 0.03728 0.51019 -0.02278 -0.34725 -0.00337 0.14923
21 108.703 0.0425 0.53359 -0.02668 -0.37829 -0.00124 0.2307
22 124.315 0.04791 0.54686 -0.03092 -0.40483 0.00183 0.32812
23 141.255 0.0534 0.54731 -0.03547 -0.42422 0.00602 0.441
24 159.554 0.05881 0.5322 -0.04023 -0.43355 0.01145 0.5674
25 179.242 0.06398 0.49881 -0.04508 -0.42982 0.01825 0.70347
26 200.344 0.06871 0.44445 -0.04989 -0.41035 0.02646 0.84292
27 222.881 0.07279 0.36645 -0.05447 -0.37305 0.03607 0.97671
28 246.873 0.07596 0.26209 -0.05861 -0.31674 0.04694 1.09318
29 272.334 0.07794 0.12864 -0.06211 -0.24116 0.05881 1.17897
30 299.276 0.07842 -0.0364 -0.06474 -0.14694 0.07129 1.22085
31 327.704 0.0771 -0.2346 -0.0663 -0.03534 0.08384 1.2081
32 357.624 0.07362 -0.46503 -0.06659 0.09198 0.09589 1.13485
33 389.035 0.06771 -0.72174 -0.06542 0.23305 0.1068 1.00102
34 421.934 0.05915 -0.99039 -0.06262 0.38509 0.116 0.81159
35 456.313 0.04794 -1.24543 -0.05808 0.54358 0.12294 0.57422
36 492.161 0.0344 -1.45088 -0.05174 0.70051 0.12718 0.29662
37 529.463 0.01922 -1.56711 -0.04365 0.84219 0.12836 -0.0154
38 568.201 0.00347 -1.56256 -0.03405 0.94785 0.12615 -0.35809
39 608.353 -0.01157 -1.42336 -0.02346 0.9911 0.12027 -0.72746
40 649.894 -0.02456 -1.15394 -0.01268 0.94659 0.11051 -1.11417
41 692.794 -0.03426 -0.76948 -0.00272 0.8002 0.09682 -1.49523
42 737.022 -0.03962 -0.28815 0.00531 0.55637 0.07949 -1.82438
43 782.541 -0.03977 0.26821 0.01046 0.23632 0.05941 -2.02847
44 829.314 -0.03413 0.86215 0.01199 -0.13035 0.03831 -2.02202
45 877.298 -0.02263 1.42394 0.00951 -0.5114 0.01871 -1.7444
46 926.448 -0.0061 1.85158 0.00293 -0.8696 0.0035 -1.19635
47 976.717 0.01361 2.04833 -0.00736 -1.15577 -0.00473 -0.44203
48 1028.05 0.03395 1.97644 -0.0204 -1.30963 -0.00434 0.41973
49 1080.4 0.05235 1.66942 -0.03458 -1.28141 0.00513 1.27476
50 1133.71 0.06678 1.19199 -0.04787 -1.0657 0.02281 1.98822
51 1187.92 0.0758 0.59631 -0.05839 -0.71023 0.04629 2.41146
52 1242.98 0.07841 -0.08879 -0.06484 -0.28406 0.07184 2.44131
53 1298.8 0.07382 -0.83491 -0.06661 0.15883 0.0954 2.09232
54 1355.35 0.06173 -1.5702 -0.06355 0.58724 0.11371 1.48565
55 1412.54 0.04293 -2.14802 -0.05583 0.97545 0.12493 0.75883
56 1470.3 0.0199 -2.39167 -0.04403 1.27932 0.12838 -0.00177
57 1528.58 -0.00347 -2.21389 -0.02937 1.42593 0.12397 -0.76098
58 1587.3 -0.02314 -1.67071 -0.01395 1.34093 0.11189 -1.49479
59 1646.39 -0.03607 -0.88464 -0.00045 1.00797 0.09273 -2.14035
60 1705.77 -0.04039 0.03591 0.0087 0.49322 0.06807 -2.56099
61 1765.38 -0.03524 0.98791 0.01201 -0.09977 0.04114 -2.57605
62 1825.13 -0.02104 1.81679 0.00898 -0.67856 0.01677 -2.08321
63 1884.96 0 2.32235 0 -1.16165 0 -1.16165
64 1944.78 0.02389 2.38229 -0.01363 -1.45966 -0.00567 -0.01964
65 2004.54 0.04631 2.04539 -0.02964 -1.49326 0.00082 1.12061
66 2064.14 0.06397 1.45628 -0.04507 -1.25375 0.01823 2.05309
67 2123.52 0.075 0.73522 -0.05726 -0.82596 0.04313 2.58416
68 2182.61 0.07844 -0.0551 -0.06462 -0.32605 0.07055 2.60464
69 2241.33 0.07381 -0.86994 -0.06661 0.16577 0.09542 2.17805
70 2299.61 0.06124 -1.6235 -0.06338 0.6122 0.11417 1.49337
71 2357.38 0.04205 -2.16479 -0.05542 0.9896 0.12522 0.72756
72 2414.57 0.01916 -2.34414 -0.04361 1.26057 0.12836 -0.02472
73 2471.11 -0.00348 -2.12602 -0.02935 1.36953 0.12396 -0.73146
74 2526.94 -0.02233 -1.60381 -0.01467 1.27187 0.11264 -1.37518
75 2581.99 -0.03499 -0.90866 -0.00183 0.97614 0.09528 -1.91357
76 2636.2 -0.04027 -0.14185 0.00729 0.54905 0.07339 -2.2634
77 2689.51 -0.03784 0.61987 0.01167 0.07518 0.0494 -2.32469
78 2741.86 -0.02817 1.29079 0.01106 -0.37854 0.02661 -2.04506
79 2793.19 -0.01267 1.76933 0.00581 -0.76603 0.00841 -1.47001
80 2843.46 0.00631 1.9801 -0.00327 -1.04991 -0.00269 -0.72108
81 2892.61 0.02602 1.92235 -0.01501 -1.1977 -0.00558 0.06944
82 2940.6 0.04408 1.66375 -0.02789 -1.1933 -0.00044 0.79703
83 2987.37 0.05892 1.29045 -0.04032 -1.05167 0.01157 1.38418
84 3032.89 0.06973 0.86823 -0.05098 -0.81669 0.02858 1.77318
85 3077.12 0.07625 0.43496 -0.05904 -0.54078 0.04824 1.93404
86 3120.02 0.07846 0.01046 -0.06419 -0.26484 0.06822 1.87853
87 3161.56 0.07653 -0.39103 -0.06648 -0.01196 0.08654 1.65819
88 3201.71 0.07077 -0.75231 -0.06615 0.20829 0.10192 1.34215
89 3240.45 0.06169 -1.05086 -0.06353 0.39314 0.11374 0.99183
90 3277.75 0.05004 -1.26336 -0.05899 0.54166 0.12193 0.64836
91 3313.6 0.03677 -1.37434 -0.0529 0.65256 0.12669 0.33315
92 3347.98 0.0229 -1.38336 -0.0457 0.72406 0.12838 0.0544
93 3380.88 0.00939 -1.30539 -0.03782 0.75508 0.1274 -0.1865
94 3412.29 -0.00299 -1.16471 -0.0297 0.74675 0.12415 -0.39066
95 3442.21 -0.01377 -0.98701 -0.02176 0.70347 0.119 -0.5594
96 3470.64 -0.02268 -0.79402 -0.01436 0.63268 0.11232 -0.6936
97 3497.58 -0.02965 -0.60151 -0.00777 0.54362 0.10447 -0.7937
98 3523.04 -0.03475 -0.41977 -0.00213 0.44566 0.0958 -0.86028
99 3547.03 -0.03811 -0.25499 0.00247 0.34687 0.08665 -0.89465
100 3569.57 -0.03992 -0.11055 0.00606 0.2533 0.07732 -0.89925
101 3590.67 -0.04039 0.01199 0.0087 0.16888 0.0681 -0.87779
102 3610.36 -0.03975 0.11231 0.01049 0.09573 0.05923 -0.83504
103 3628.66 -0.03822 0.19098 0.01154 0.03464 0.05091 -0.77639
104 3645.6 -0.036 0.24928 0.01198 -0.01456 0.04326 -0.70728
105 3661.21 -0.03329 0.28904 0.01193 -0.05263 0.03635 -0.63274
106 3675.53 -0.03027 0.31249 0.0115 -0.08064 0.03024 -0.55699
107 3688.6 -0.02709 0.32207 0.01079 -0.09982 0.0249 -0.48333
108 3700.45 -0.02387 0.32029 0.00989 -0.11148 0.0203 -0.41411
109 3711.14 -0.02071 0.30959 0.00887 -0.11687 0.01639 -0.35078
110 3720.71 -0.0177 0.29218 0.00779 -0.11721 0.0131 -0.2941
111 3729.22 -0.01488 0.27004 0.00671 -0.11357 0.01036 -0.24426
112 3736.7 -0.01231 0.24483 0.00566 -0.10694 0.0081 -0.20109
113 3743.23 -0.00999 0.21794 0.00468 -0.09818 0.00626 -0.16411
114 3748.86 -0.00795 0.19049 0.00377 -0.08802 0.00476 -0.13275
115 3753.65 -0.00618 0.16336 0.00297 -0.07708 0.00356 -0.10634
116 3757.66 -0.00468 0.13722 0.00227 -0.06589 0.0026 -0.08422
117 3760.96 -0.00343 0.11259 0.00168 -0.05487 0.00186 -0.06577
118 3763.61 -0.00242 0.08988 0.00119 -0.04435 0.00128 -0.05044
119 3765.68 -0.00163 0.06937 0.0008 -0.03461 0.00084 -0.03775
120 3767.24 -0.00103 0.05129 0.00051 -0.02586 0.00052 -0.02733
121 3768.37 -0.00059 0.03578 0.00029 -0.01827 0.0003 -0.01886
122 3769.12 -0.0003 0.02298 0.00015 -0.01194 0.00015 -0.01213
123 3769.58 -0.00012 0.01296 6e-005 -0.00695 6e-005 -0.007
124 3769.81 -3e-005 0.00576 1e-005 -0.00336 1e-005 -0.00337
125 3769.9 0 0.00144 0 -0.0012 0 -0.0012
126 3769.91 0 0 0 -0.00048 0 -0.00048
