0 0 0 1.13143e-015 0 1.13143e-015 0 4.68652e-016 0
1 1.38556e-013 8.35861e-011 -1.54214e-006 -0.000462639 -1.54214e-006 -0.000462639 -6.38774e-007 -0.000191631
2 8.91553e-012 2.67465e-009 -1.23369e-005 -0.00185051 -1.23369e-005 -0.00185051 -5.11011e-006 -0.000766506
3 1.01551e-010 2.03093e-008 -4.1636e-005 -0.00416347 -4.1636e-005 -0.00416347 -1.72462e-005 -0.00172457
4 5.70532e-010 8.55751e-008 -9.86893e-005 -0.0074013 -9.86893e-005 -0.0074013 -4.08784e-005 -0.00306572
5 2.17621e-009 2.61123e-007 -0.000192744 -0.0115637 -0.000192744 -0.0115637 -7.98371e-005 -0.00478983
6 6.4974e-009 6.49662e-007 -0.000333043 -0.0166501 -0.000333043 -0.0166501 -0.000137951 -0.00689672
7 1.63819e-008 1.40393e-006 -0.000528825 -0.0226602 -0.000528825 -0.0226602 -0.000219047 -0.00938618
8 3.64964e-008 2.73665e-006 -0.000789325 -0.0295933 -0.000789325 -0.0295933 -0.000326949 -0.012258
9 7.39762e-008 4.93041e-006 -0.00112377 -0.0374488 -0.00112377 -0.0374488 -0.000465479 -0.0155118
10 1.39173e-007 8.34758e-006 -0.00154137 -0.0462257 -0.00154137 -0.0462257 -0.000638457 -0.0191473
11 2.46501e-007 1.34401e-005 -0.00205135 -0.0559233 -0.00205135 -0.0559233 -0.000849697 -0.0231642
12 4.15385e-007 2.07592e-005 -0.0026629 -0.0665406 -0.0026629 -0.0665406 -0.00110301 -0.027562
13 6.71296e-007 3.09654e-005 -0.00338522 -0.0780765 -0.00338522 -0.0780765 -0.00140221 -0.0323403
14 1.0469e-006 4.48378e-005 -0.00422749 -0.0905299 -0.00422749 -0.0905299 -0.00175108 -0.0374987
15 1.58328e-006 6.32837e-005 -0.00519888 -0.103899 -0.00519888 -0.103899 -0.00215344 -0.0430366
16 2.33129e-006 8.73486e-005 -0.00630853 -0.118184 -0.00630853 -0.118184 -0.00261308 -0.0489534
17 3.35294e-006 0.000118225 -0.0075656 -0.133382 -0.0075656 -0.133382 -0.00313377 -0.0552485
18 4.72297e-006 0.000157262 -0.00897921 -0.149492 -0.00897921 -0.149492 -0.00371931 -0.0619214
19 6.53042e-006 0.000205975 -0.0105585 -0.166512 -0.0105585 -0.166512 -0.00437346 -0.0689714
20 8.88034e-006 0.000266055 -0.0123125 -0.18444 -0.0123125 -0.18444 -0.00509999 -0.0763977
21 1.18956e-005 0.000339375 -0.0142503 -0.203276 -0.0142503 -0.203276 -0.00590267 -0.0841996
22 1.57188e-005 0.000428003 -0.016381 -0.223016 -0.016381 -0.223016 -0.00678523 -0.0923764
23 2.05143e-005 0.00053421 -0.0187136 -0.24366 -0.0187136 -0.24366 -0.00775144 -0.100927
24 2.64699e-005 0.000660475 -0.0212572 -0.265204 -0.0212572 -0.265204 -0.00880502 -0.109851
25 3.37996e-005 0.000809498 -0.0240207 -0.287647 -0.0240207 -0.287647 -0.0099497 -0.119147
26 4.27454e-005 0.000984207 -0.0270131 -0.310986 -0.0270131 -0.310986 -0.0111892 -0.128815
27 5.35799e-005 0.00118777 -0.0302434 -0.335219 -0.0302434 -0.335219 -0.0125272 -0.138852
28 6.66082e-005 0.00142358 -0.0337205 -0.360344 -0.0337205 -0.360344 -0.0139675 -0.149259
29 8.21712e-005 0.00169532 -0.0374532 -0.386358 -0.0374532 -0.386358 -0.0155136 -0.160035
30 0.000100647 0.0020069 -0.0414506 -0.413258 -0.0414506 -0.413258 -0.0171694 -0.171177
31 0.000122456 0.00236251 -0.0457213 -0.441042 -0.0457213 -0.441042 -0.0189384 -0.182686
32 0.000148059 0.00276662 -0.0502743 -0.469707 -0.0502743 -0.469707 -0.0208243 -0.194559
33 0.000177966 0.00322397 -0.0551184 -0.499249 -0.0551184 -0.499249 -0.0228308 -0.206796
34 0.000212733 0.00373961 -0.0602622 -0.529667 -0.0602622 -0.529667 -0.0249614 -0.219395
35 0.00025297 0.00431888 -0.0657146 -0.560956 -0.0657146 -0.560956 -0.0272199 -0.232356
36 0.000299341 0.00496742 -0.0714843 -0.593113 -0.0714843 -0.593113 -0.0296097 -0.245676
37 0.000352569 0.00569118 -0.0775798 -0.626136 -0.0775798 -0.626136 -0.0321346 -0.259354
38 0.000413436 0.00649644 -0.0840099 -0.660021 -0.0840099 -0.660021 -0.034798 -0.27339
39 0.000482791 0.00738979 -0.0907831 -0.694763 -0.0907831 -0.694763 -0.0376036 -0.28778
40 0.000561549 0.00837817 -0.097908 -0.730361 -0.097908 -0.730361 -0.0405548 -0.302525
41 0.000650696 0.00946884 -0.105393 -0.766809 -0.105393 -0.766809 -0.0436553 -0.317623
42 0.000751292 0.0106694 -0.113247 -0.804103 -0.113247 -0.804103 -0.0469084 -0.333071
43 0.000864477 0.0119878 -0.121478 -0.842241 -0.121478 -0.842241 -0.0503178 -0.348868
44 0.000991469 0.0134324 -0.130095 -0.881218 -0.130095 -0.881218 -0.0538869 -0.365012
45 0.00113357 0.0150119 -0.139105 -0.921029 -0.139105 -0.921029 -0.0576192 -0.381503
46 0.00129219 0.0167352 -0.148518 -0.96167 -0.148518 -0.96167 -0.0615181 -0.398337
47 0.00146879 0.0186118 -0.158341 -1.00314 -0.158341 -1.00314 -0.0655871 -0.415513
48 0.00166497 0.0206514 -0.168583 -1.04543 -0.168583 -1.04543 -0.0698295 -0.433029
49 0.00188239 0.0228642 -0.179253 -1.08853 -0.179253 -1.08853 -0.0742488 -0.450884
50 0.00212286 0.0252608 -0.190357 -1.13245 -0.190357 -1.13245 -0.0788483 -0.469075
51 0.00238826 0.0278521 -0.201904 -1.17717 -0.201904 -1.17717 -0.0836314 -0.4876
52 0.00268059 0.0306493 -0.213903 -1.22269 -0.213903 -1.22269 -0.0886014 -0.506457
53 0.00300197 0.0336642 -0.226361 -1.26902 -0.226361 -1.26902 -0.0937617 -0.525644
54 0.00335464 0.0369088 -0.239286 -1.31613 -0.239286 -1.31613 -0.0991154 -0.545158
55 0.00374095 0.0403957 -0.252686 -1.36402 -0.252686 -1.36402 -0.104666 -0.564997
56 0.0041634 0.0441377 -0.266569 -1.4127 -0.266569 -1.4127 -0.110416 -0.58516
57 0.0046246 0.0481482 -0.280942 -1.46215 -0.280942 -1.46215 -0.11637 -0.605643
58 0.00512731 0.0524408 -0.295814 -1.51237 -0.295814 -1.51237 -0.12253 -0.626444
59 0.00567441 0.0570296 -0.311192 -1.56335 -0.311192 -1.56335 -0.1289 -0.64756
60 0.00626894 0.0619292 -0.327084 -1.61508 -0.327084 -1.61508 -0.135483 -0.668989
61 0.00691408 0.0671545 -0.343497 -1.66757 -0.343497 -1.66757 -0.142281 -0.690728
62 0.00761316 0.0727207 -0.360438 -1.72079 -0.360438 -1.72079 -0.149298 -0.712774
63 0.00836968 0.0786436 -0.377915 -1.77475 -0.377915 -1.77475 -0.156537 -0.735125
64 0.00918728 0.0849394 -0.395935 -1.82943 -0.395935 -1.82943 -0.164002 -0.757776
65 0.0100698 0.0916246 -0.414506 -1.88484 -0.414506 -1.88484 -0.171694 -0.780726
66 0.0110211 0.0987161 -0.433634 -1.94096 -0.433634 -1.94096 -0.179617 -0.803972
67 0.0120455 0.106231 -0.453327 -1.99778 -0.453327 -1.99778 -0.187774 -0.827508
68 0.0131472 0.114188 -0.473592 -2.0553 -0.473592 -2.0553 -0.196168 -0.851334
69 0.0143308 0.122604 -0.494436 -2.11351 -0.494436 -2.11351 -0.204802 -0.875444
70 0.0156009 0.131499 -0.515865 -2.1724 -0.515865 -2.1724 -0.213678 -0.899836
71 0.0169624 0.140891 -0.537886 -2.23196 -0.537886 -2.23196 -0.2228 -0.924506
72 0.0184204 0.150799 -0.560506 -2.29218 -0.560506 -2.29218 -0.232169 -0.94945
73 0.0199802 0.161243 -0.583732 -2.35305 -0.583732 -2.35305 -0.24179 -0.974664
74 0.0216472 0.172244 -0.607569 -2.41456 -0.607569 -2.41456 -0.251663 -1.00014
75 0.023427 0.183822 -0.632025 -2.47671 -0.632025 -2.47671 -0.261793 -1.02589
76 0.0253256 0.195997 -0.657105 -2.53948 -0.657105 -2.53948 -0.272182 -1.05189
77 0.027349 0.208792 -0.682817 -2.60286 -0.682817 -2.60286 -0.282832 -1.07814
78 0.0295036 0.222227 -0.709165 -2.66685 -0.709165 -2.66685 -0.293746 -1.10464
79 0.0317958 0.236325 -0.736155 -2.73142 -0.736155 -2.73142 -0.304926 -1.13139
80 0.0342324 0.251108 -0.763795 -2.79657 -0.763795 -2.79657 -0.316374 -1.15838
81 0.0368203 0.266599 -0.792089 -2.86229 -0.792089 -2.86229 -0.328094 -1.1856
82 0.0395668 0.282821 -0.821043 -2.92856 -0.821043 -2.92856 -0.340087 -1.21305
83 0.0424792 0.299796 -0.850662 -2.99537 -0.850662 -2.99537 -0.352356 -1.24072
84 0.0455653 0.31755 -0.880952 -3.06272 -0.880952 -3.06272 -0.364902 -1.26862
85 0.0488329 0.336105 -0.911918 -3.13057 -0.911918 -3.13057 -0.377729 -1.29673
86 0.0522901 0.355486 -0.943565 -3.19893 -0.943565 -3.19893 -0.390837 -1.32504
87 0.0559454 0.375718 -0.975898 -3.26777 -0.975898 -3.26777 -0.40423 -1.35356
88 0.0598074 0.396826 -1.00892 -3.33709 -1.00892 -3.33709 -0.417909 -1.38227
89 0.063885 0.418834 -1.04264 -3.40686 -1.04264 -3.40686 -0.431876 -1.41117
90 0.0681872 0.441769 -1.07706 -3.47708 -1.07706 -3.47708 -0.446133 -1.44025
91 0.0727235 0.465655 -1.11218 -3.54771 -1.11218 -3.54771 -0.460682 -1.46951
92 0.0775036 0.490519 -1.14802 -3.61876 -1.14802 -3.61876 -0.475524 -1.49894
93 0.0825372 0.516388 -1.18456 -3.6902 -1.18456 -3.6902 -0.490661 -1.52853
94 0.0878347 0.543286 -1.22182 -3.76201 -1.22182 -3.76201 -0.506095 -1.55828
95 0.0934065 0.571241 -1.2598 -3.83418 -1.2598 -3.83418 -0.521827 -1.58817
96 0.0992632 0.60028 -1.29851 -3.90668 -1.29851 -3.90668 -0.537859 -1.6182
97 0.105416 0.630429 -1.33794 -3.9795 -1.33794 -3.9795 -0.554192 -1.64836
98 0.111876 0.661715 -1.3781 -4.05262 -1.3781 -4.05262 -0.570827 -1.67865
99 0.118654 0.694166 -1.41899 -4.12601 -1.41899 -4.12601 -0.587765 -1.70905
100 0.125763 0.727808 -1.46062 -4.19966 -1.46062 -4.19966 -0.605008 -1.73956
101 0.133214 0.76267 -1.50298 -4.27355 -1.50298 -4.27355 -0.622556 -1.77016
102 0.14102 0.798778 -1.54609 -4.34765 -1.54609 -4.34765 -0.640411 -1.80085
103 0.149194 0.836161 -1.58994 -4.42193 -1.58994 -4.42193 -0.658574 -1.83162
104 0.157748 0.874844 -1.63453 -4.49638 -1.63453 -4.49638 -0.677044 -1.86246
105 0.166695 0.914857 -1.67987 -4.57098 -1.67987 -4.57098 -0.695823 -1.89336
106 0.17605 0.956227 -1.72595 -4.64568 -1.72595 -4.64568 -0.714912 -1.92431
107 0.185824 0.99898 -1.77278 -4.72048 -1.77278 -4.72048 -0.734309 -1.95529
108 0.196034 1.04315 -1.82036 -4.79535 -1.82036 -4.79535 -0.754017 -1.9863
109 0.206692 1.08875 -1.86869 -4.87025 -1.86869 -4.87025 -0.774035 -2.01732
110 0.217814 1.13582 -1.91776 -4.94516 -1.91776 -4.94516 -0.794364 -2.04835
111 0.229414 1.18438 -1.96759 -5.02005 -1.96759 -5.02005 -0.815002 -2.07937
112 0.241506 1.23446 -2.01816 -5.0949 -2.01816 -5.0949 -0.835951 -2.11037
113 0.254108 1.28609 -2.06949 -5.16966 -2.06949 -5.16966 -0.85721 -2.14134
114 0.267234 1.3393 -2.12156 -5.24432 -2.12156 -5.24432 -0.878778 -2.17227
115 0.280899 1.3941 -2.17437 -5.31883 -2.17437 -5.31883 -0.900655 -2.20313
116 0.295121 1.45053 -2.22793 -5.39318 -2.22793 -5.39318 -0.92284 -2.23393
117 0.309915 1.50861 -2.28224 -5.46731 -2.28224 -5.46731 -0.945333 -2.26464
118 0.325299 1.56836 -2.33728 -5.54121 -2.33728 -5.54121 -0.968133 -2.29524
119 0.341288 1.62982 -2.39306 -5.61483 -2.39306 -5.61483 -0.991238 -2.32574
120 0.357901 1.69301 -2.44957 -5.68814 -2.44957 -5.68814 -1.01465 -2.35611
121 0.375154 1.75794 -2.50682 -5.76111 -2.50682 -5.76111 -1.03836 -2.38633
122 0.393066 1.82465 -2.5648 -5.83369 -2.5648 -5.83369 -1.06237 -2.41639
123 0.411653 1.89316 -2.62349 -5.90584 -2.62349 -5.90584 -1.08669 -2.44628
124 0.430935 1.96349 -2.68291 -5.97754 -2.68291 -5.97754 -1.1113 -2.47598
125 0.450929 2.03566 -2.74304 -6.04873 -2.74304 -6.04873 -1.13621 -2.50547
126 0.471654 2.10969 -2.80388 -6.11938 -2.80388 -6.11938 -1.16141 -2.53473
127 0.493129 2.18561 -2.86543 -6.18945 -2.86543 -6.18945 -1.1869 -2.56375
128 0.515373 2.26344 -2.92767 -6.25889 -2.92767 -6.25889 -1.21268 -2.59252
129 0.538405 2.34319 -2.9906 -6.32766 -2.9906 -6.32766 -1.23875 -2.621
130 0.562243 2.42488 -3.05422 -6.39572 -3.05422 -6.39572 -1.2651 -2.64919
131 0.586909 2.50853 -3.11852 -6.46301 -3.11852 -6.46301 -1.29173 -2.67707
132 0.612421 2.59417 -3.18348 -6.5295 -3.18348 -6.5295 -1.31864 -2.70461
133 0.638799 2.68179 -3.2491 -6.59514 -3.2491 -6.59514 -1.34582 -2.7318
134 0.666063 2.77143 -3.31538 -6.65988 -3.31538 -6.65988 -1.37327 -2.75861
135 0.694234 2.86309 -3.3823 -6.72367 -3.3823 -6.72367 -1.40099 -2.78504
136 0.723332 2.95679 -3.44985 -6.78646 -3.44985 -6.78646 -1.42897 -2.81104
137 0.753377 3.05254 -3.51802 -6.8482 -3.51802 -6.8482 -1.45721 -2.83662
138 0.784389 3.15035 -3.58681 -6.90884 -3.58681 -6.90884 -1.48571 -2.86174
139 0.816391 3.25023 -3.6562 -6.96833 -3.6562 -6.96833 -1.51445 -2.88638
140 0.849401 3.35219 -3.72617 -7.02662 -3.72617 -7.02662 -1.54343 -2.91052
141 0.883441 3.45624 -3.79672 -7.08364 -3.79672 -7.08364 -1.57265 -2.93414
142 0.918533 3.56239 -3.86784 -7.13936 -3.86784 -7.13936 -1.60211 -2.95722
143 0.954696 3.67063 -3.93951 -7.1937 -3.93951 -7.1937 -1.6318 -2.97973
144 0.991952 3.78097 -4.01171 -7.24662 -4.01171 -7.24662 -1.6617 -3.00165
145 1.03032 3.89342 -4.08443 -7.29806 -4.08443 -7.29806 -1.69183 -3.02295
146 1.06983 4.00798 -4.15767 -7.34796 -4.15767 -7.34796 -1.72216 -3.04362
147 1.11049 4.12464 -4.23139 -7.39626 -4.23139 -7.39626 -1.7527 -3.06363
148 1.15233 4.24341 -4.30559 -7.4429 -4.30559 -7.4429 -1.78343 -3.08295
149 1.19536 4.36427 -4.38024 -7.48783 -4.38024 -7.48783 -1.81436 -3.10156
150 1.23962 4.48723 -4.45534 -7.53098 -4.45534 -7.53098 -1.84546 -3.11943
151 1.28512 4.61228 -4.53085 -7.5723 -4.53085 -7.5723 -1.87674 -3.13655
152 1.33187 4.7394 -4.60678 -7.61171 -4.60678 -7.61171 -1.90819 -3.15287
153 1.37991 4.86859 -4.68308 -7.64917 -4.68308 -7.64917 -1.9398 -3.16839
154 1.42925 4.99984 -4.75975 -7.6846 -4.75975 -7.6846 -1.97155 -3.18307
155 1.47991 5.13313 -4.83677 -7.71795 -4.83677 -7.71795 -2.00345 -3.19688
156 1.53192 5.26844 -4.9141 -7.74914 -4.9141 -7.74914 -2.03549 -3.2098
157 1.58529 5.40576 -4.99174 -7.77812 -4.99174 -7.77812 -2.06765 -3.2218
158 1.64004 5.54507 -5.06966 -7.80482 -5.06966 -7.80482 -2.09992 -3.23286
159 1.6962 5.68634 -5.14783 -7.82918 -5.14783 -7.82918 -2.1323 -3.24295
160 1.75378 5.82956 -5.22623 -7.85113 -5.22623 -7.85113 -2.16478 -3.25205
161 1.8128 5.97468 -5.30485 -7.87061 -5.30485 -7.87061 -2.19734 -3.26011
162 1.87328 6.1217 -5.38364 -7.88755 -5.38364 -7.88755 -2.22998 -3.26713
163 1.93524 6.27057 -5.46259 -7.90189 -5.46259 -7.90189 -2.26268 -3.27307
164 1.99869 6.42126 -5.54167 -7.91355 -5.54167 -7.91355 -2.29543 -3.2779
165 2.06367 6.57374 -5.62085 -7.92248 -5.62085 -7.92248 -2.32823 -3.2816
166 2.13017 6.72797 -5.70011 -7.92861 -5.70011 -7.92861 -2.36106 -3.28414
167 2.19823 6.88391 -5.77941 -7.93187 -5.77941 -7.93187 -2.39391 -3.28549
168 2.26786 7.04152 -5.85874 -7.93219 -5.85874 -7.93219 -2.42677 -3.28562
169 2.33907 7.20076 -5.93805 -7.92952 -5.93805 -7.92952 -2.45962 -3.28452
170 2.41188 7.36157 -6.01732 -7.92379 -6.01732 -7.92379 -2.49245 -3.28214
171 2.4863 7.52391 -6.09651 -7.91492 -6.09651 -7.91492 -2.52526 -3.27847
172 2.56236 7.68773 -6.1756 -7.90287 -6.1756 -7.90287 -2.55802 -3.27347
173 2.64006 7.85297 -6.25456 -7.88755 -6.25456 -7.88755 -2.59072 -3.26713
174 2.71943 8.01958 -6.33334 -7.86892 -6.33334 -7.86892 -2.62336 -3.25941
175 2.80046 8.1875 -6.41193 -7.8469 -6.41193 -7.8469 -2.65591 -3.25029
176 2.88318 8.35666 -6.49027 -7.82144 -6.49027 -7.82144 -2.68836 -3.23974
177 2.9676 8.527 -6.56834 -7.79246 -6.56834 -7.79246 -2.7207 -3.22774
178 3.05372 8.69845 -6.64611 -7.75992 -6.64611 -7.75992 -2.75291 -3.21426
179 3.14157 8.87095 -6.72353 -7.72375 -6.72353 -7.72375 -2.78498 -3.19928
180 3.23115 9.04442 -6.80057 -7.68389 -6.80057 -7.68389 -2.81689 -3.18277
181 3.32246 9.21879 -6.87719 -7.64029 -6.87719 -7.64029 -2.84863 -3.16471
182 3.41552 9.39398 -6.95336 -7.59288 -6.95336 -7.59288 -2.88018 -3.14507
183 3.51034 9.56991 -7.02904 -7.54162 -7.02904 -7.54162 -2.91152 -3.12384
184 3.60692 9.7465 -7.10418 -7.48644 -7.10418 -7.48644 -2.94265 -3.10098
185 3.70527 9.92367 -7.17875 -7.42729 -7.17875 -7.42729 -2.97354 -3.07648
186 3.8054 10.1013 -7.25271 -7.36413 -7.25271 -7.36413 -3.00417 -3.05032
187 3.9073 10.2794 -7.32602 -7.2969 -7.32602 -7.2969 -3.03454 -3.02247
188 4.01099 10.4577 -7.39864 -7.22555 -7.39864 -7.22555 -3.06462 -2.99292
189 4.11646 10.6363 -7.47052 -7.15003 -7.47052 -7.15003 -3.09439 -2.96164
190 4.22371 10.8149 -7.54163 -7.07031 -7.54163 -7.07031 -3.12384 -2.92862
191 4.33276 10.9936 -7.61191 -6.98633 -7.61191 -6.98633 -3.15296 -2.89383
192 4.44359 11.1722 -7.68134 -6.89806 -7.68134 -6.89806 -3.18171 -2.85727
193 4.5562 11.3506 -7.74986 -6.80546 -7.74986 -6.80546 -3.2101 -2.81891
194 4.6706 11.5287 -7.81743 -6.70849 -7.81743 -6.70849 -3.23809 -2.77875
195 4.78677 11.7063 -7.88401 -6.60711 -7.88401 -6.60711 -3.26567 -2.73675
196 4.90472 11.8835 -7.94956 -6.50129 -7.94956 -6.50129 -3.29282 -2.69292
197 5.02444 12.06 -8.01402 -6.391 -8.01402 -6.391 -3.31952 -2.64724
198 5.14592 12.2357 -8.07736 -6.27622 -8.07736 -6.27622 -3.34575 -2.5997
199 5.26915 12.4106 -8.13953 -6.15692 -8.13953 -6.15692 -3.37151 -2.55028
200 5.39413 12.5845 -8.20049 -6.03307 -8.20049 -6.03307 -3.39675 -2.49898
201 5.52084 12.7572 -8.26018 -5.90466 -8.26018 -5.90466 -3.42148 -2.44579
202 5.64927 12.9288 -8.31857 -5.77167 -8.31857 -5.77167 -3.44566 -2.3907
203 5.77941 13.0989 -8.3756 -5.63409 -8.3756 -5.63409 -3.46929 -2.33371
204 5.91124 13.2676 -8.43123 -5.49189 -8.43123 -5.49189 -3.49233 -2.27482
205 6.04475 13.4346 -8.48542 -5.34509 -8.48542 -5.34509 -3.51478 -2.21401
206 6.17993 13.5998 -8.53812 -5.19367 -8.53812 -5.19367 -3.5366 -2.15129
207 6.31674 13.7632 -8.58928 -5.03763 -8.58928 -5.03763 -3.5578 -2.08665
208 6.45518 13.9246 -8.63886 -4.87697 -8.63886 -4.87697 -3.57833 -2.02011
209 6.59523 14.0837 -8.6868 -4.71169 -8.6868 -4.71169 -3.59819 -1.95165
210 6.73685 14.2406 -8.73307 -4.54182 -8.73307 -4.54182 -3.61736 -1.88128
211 6.88003 14.3951 -8.77762 -4.36735 -8.77762 -4.36735 -3.63581 -1.80901
212 7.02475 14.547 -8.82041 -4.1883 -8.82041 -4.1883 -3.65353 -1.73485
213 7.17096 14.6961 -8.86137 -4.0047 -8.86137 -4.0047 -3.6705 -1.6588
214 7.31866 14.8424 -8.90049 -3.81657 -8.90049 -3.81657 -3.6867 -1.58088
215 7.4678 14.9857 -8.93769 -3.62393 -8.93769 -3.62393 -3.70211 -1.50108
216 7.61836 15.1259 -8.97295 -3.42682 -8.97295 -3.42682 -3.71672 -1.41943
217 7.77031 15.2627 -9.00621 -3.22527 -9.00621 -3.22527 -3.7305 -1.33595
218 7.9236 15.3962 -9.03744 -3.01931 -9.03744 -3.01931 -3.74343 -1.25064
219 8.07822 15.526 -9.06658 -2.809 -9.06658 -2.809 -3.7555 -1.16353
220 8.23411 15.6522 -9.09361 -2.59437 -9.09361 -2.59437 -3.76669 -1.07463
221 8.39125 15.7745 -9.11846 -2.37549 -9.11846 -2.37549 -3.77699 -0.98396
222 8.54959 15.8928 -9.1411 -2.1524 -9.1411 -2.1524 -3.78637 -0.891554
223 8.70909 16.0069 -9.16149 -1.92517 -9.16149 -1.92517 -3.79481 -0.79743
224 8.86971 16.1168 -9.17959 -1.69385 -9.17959 -1.69385 -3.80231 -0.701616
225 9.03141 16.2222 -9.19536 -1.45852 -9.19536 -1.45852 -3.80884 -0.604138
226 9.19414 16.3231 -9.20875 -1.21925 -9.20875 -1.21925 -3.81439 -0.505028
227 9.35786 16.4193 -9.21973 -0.976107 -9.21973 -0.976107 -3.81894 -0.404317
228 9.52251 16.5106 -9.22826 -0.729182 -9.22826 -0.729182 -3.82247 -0.302037
229 9.68805 16.5969 -9.2343 -0.478558 -9.2343 -0.478558 -3.82497 -0.198225
230 9.85443 16.6781 -9.23782 -0.224321 -9.23782 -0.224321 -3.82643 -0.0929169
231 10.0216 16.7541 -9.23877 0.0334329 -9.23877 0.0334329 -3.82683 0.0138484
232 10.1895 16.8247 -9.23714 0.294608 -9.23714 0.294608 -3.82615 0.12203
233 10.3581 16.8897 -9.23287 0.559101 -9.23287 0.559101 -3.82438 0.231587
234 10.5273 16.9492 -9.22594 0.826806 -9.22594 0.826806 -3.82151 0.342474
235 10.697 17.0028 -9.21632 1.09761 -9.21632 1.09761 -3.81753 0.454647
236 10.8673 17.0505 -9.20398 1.37141 -9.20398 1.37141 -3.81241 0.568056
237 11.038 17.0923 -9.18889 1.64807 -9.18889 1.64807 -3.80616 0.682655
238 11.2091 17.1279 -9.17101 1.92749 -9.17101 1.92749 -3.79876 0.798391
239 11.3806 17.1572 -9.15033 2.20952 -9.15033 2.20952 -3.79019 0.915212
240 11.5523 17.1802 -9.12681 2.49404 -9.12681 2.49404 -3.78045 1.03306
241 11.7241 17.1967 -9.10044 2.78091 -9.10044 2.78091 -3.76953 1.15189
242 11.8962 17.2066 -9.07119 3.07 -9.07119 3.07 -3.75741 1.27164
243 12.0683 17.2098 -9.03903 3.36117 -9.03903 3.36117 -3.74409 1.39224
244 12.2403 17.2063 -9.00396 3.65426 -9.00396 3.65426 -3.72956 1.51365
245 12.4124 17.1959 -8.96594 3.94913 -8.96594 3.94913 -3.71381 1.63579
246 12.5842 17.1785 -8.92497 4.24563 -8.92497 4.24563 -3.69684 1.7586
247 12.7559 17.1541 -8.88102 4.5436 -8.88102 4.5436 -3.67864 1.88202
248 12.9273 17.1225 -8.83409 4.84288 -8.83409 4.84288 -3.6592 2.00599
249 13.0983 17.0838 -8.78416 5.1433 -8.78416 5.1433 -3.63852 2.13043
250 13.2689 17.0377 -8.73122 5.44471 -8.73122 5.44471 -3.61659 2.25527
251 13.4391 16.9843 -8.67527 5.74693 -8.67527 5.74693 -3.59341 2.38045
252 13.6086 16.9235 -8.61628 6.04978 -8.61628 6.04978 -3.56898 2.5059
253 13.7775 16.8552 -8.55427 6.3531 -8.55427 6.3531 -3.54329 2.63154
254 13.9457 16.7793 -8.48922 6.65672 -8.48922 6.65672 -3.51635 2.7573
255 14.1131 16.6959 -8.42113 6.96043 -8.42113 6.96043 -3.48815 2.88311
256 14.2796 16.6049 -8.35001 7.26408 -8.35001 7.26408 -3.45869 3.00888
257 14.4451 16.5062 -8.27585 7.56747 -8.27585 7.56747 -3.42797 3.13455
258 14.6097 16.3998 -8.19866 7.87041 -8.19866 7.87041 -3.396 3.26003
259 14.7731 16.2857 -8.11845 8.17273 -8.11845 8.17273 -3.36277 3.38525
260 14.9354 16.1639 -8.03521 8.47422 -8.03521 8.47422 -3.32829 3.51014
261 15.0964 16.0344 -7.94897 8.7747 -7.94897 8.7747 -3.29257 3.6346
262 15.256 15.897 -7.85972 9.07398 -7.85972 9.07398 -3.2556 3.75856
263 15.4143 15.752 -7.76749 9.37185 -7.76749 9.37185 -3.2174 3.88195
264 15.571 15.5991 -7.67229 9.66814 -7.67229 9.66814 -3.17797 4.00467
265 15.7262 15.4386 -7.57413 9.96264 -7.57413 9.96264 -3.13731 4.12666
266 15.8798 15.2703 -7.47304 10.2552 -7.47304 10.2552 -3.09544 4.24782
267 16.0316 15.0943 -7.36904 10.5455 -7.36904 10.5455 -3.05236 4.36808
268 16.1816 14.9106 -7.26214 10.8334 -7.26214 10.8334 -3.00808 4.48736
269 16.3298 14.7193 -7.15238 11.1188 -7.15238 11.1188 -2.96261 4.60557
270 16.476 14.5205 -7.03977 11.4014 -7.03977 11.4014 -2.91597 4.72263
271 16.6202 14.314 -6.92436 11.6811 -6.92436 11.6811 -2.86816 4.83847
272 16.7623 14.1001 -6.80616 11.9576 -6.80616 11.9576 -2.8192 4.95299
273 16.9022 13.8788 -6.68522 12.2307 -6.68522 12.2307 -2.76911 5.06613
274 17.0398 13.6501 -6.56156 12.5003 -6.56156 12.5003 -2.71789 5.17779
275 17.1751 13.4141 -6.43523 12.7661 -6.43523 12.7661 -2.66556 5.28791
276 17.3081 13.1709 -6.30625 13.028 -6.30625 13.028 -2.61213 5.39639
277 17.4385 12.9207 -6.17468 13.2858 -6.17468 13.2858 -2.55764 5.50317
278 17.5665 12.6634 -6.04055 13.5393 -6.04055 13.5393 -2.50208 5.60816
279 17.6918 12.3992 -5.90391 13.7883 -5.90391 13.7883 -2.44548 5.71129
280 17.8144 12.1281 -5.7648 14.0326 -5.7648 14.0326 -2.38786 5.81249
281 17.9343 11.8504 -5.62327 14.272 -5.62327 14.272 -2.32924 5.91167
282 18.0514 11.5661 -5.47937 14.5064 -5.47937 14.5064 -2.26963 6.00876
283 18.1656 11.2754 -5.33316 14.7356 -5.33316 14.7356 -2.20907 6.10369
284 18.2769 10.9784 -5.18468 14.9594 -5.18468 14.9594 -2.14756 6.19639
285 18.3852 10.6752 -5.03399 15.1777 -5.03399 15.1777 -2.08515 6.28679
286 18.4904 10.3659 -4.88115 15.3902 -4.88115 15.3902 -2.02184 6.37483
287 18.5925 10.0508 -4.72621 15.5968 -4.72621 15.5968 -1.95766 6.46042
288 18.6914 9.72994 -4.56923 15.7974 -4.56923 15.7974 -1.89264 6.54351
289 18.7871 9.40352 -4.41028 15.9918 -4.41028 15.9918 -1.8268 6.62403
290 18.8794 9.0717 -4.24941 16.1799 -4.24941 16.1799 -1.76017 6.70193
291 18.9685 8.73466 -4.0867 16.3614 -4.0867 16.3614 -1.69277 6.77713
292 19.0541 8.39256 -3.92221 16.5364 -3.92221 16.5364 -1.62463 6.84959
293 19.1363 8.0456 -3.756 16.7045 -3.756 16.7045 -1.55579 6.91924
294 19.215 7.69395 -3.58814 16.8658 -3.58814 16.8658 -1.48626 6.98604
295 19.2902 7.33782 -3.41871 17.02 -3.41871 17.02 -1.41607 7.04992
296 19.3617 6.97739 -3.24776 17.1671 -3.24776 17.1671 -1.34527 7.11084
297 19.4297 6.61287 -3.07539 17.3069 -3.07539 17.3069 -1.27387 7.16874
298 19.494 6.24446 -2.90165 17.4393 -2.90165 17.4393 -1.2019 7.22359
299 19.5546 5.87236 -2.72663 17.5642 -2.72663 17.5642 -1.12941 7.27535
300 19.6114 5.4968 -2.55039 17.6816 -2.55039 17.6816 -1.05641 7.32396
301 19.6645 5.11798 -2.37302 17.7913 -2.37302 17.7913 -0.982937 7.36939
302 19.7138 4.73612 -2.19459 17.8932 -2.19459 17.8932 -0.90903 7.4116
303 19.7592 4.35145 -2.01518 17.9872 -2.01518 17.9872 -0.834716 7.45056
304 19.8008 3.96418 -1.83487 18.0734 -1.83487 18.0734 -0.760029 7.48624
305 19.8385 3.57455 -1.65374 18.1515 -1.65374 18.1515 -0.685002 7.51861
306 19.8723 3.18279 -1.47187 18.2216 -1.47187 18.2216 -0.609668 7.54765
307 19.9021 2.78913 -1.28934 18.2836 -1.28934 18.2836 -0.534061 7.57332
308 19.9281 2.39379 -1.10622 18.3374 -1.10622 18.3374 -0.458213 7.59561
309 19.95 1.99703 -0.922615 18.383 -0.922615 18.383 -0.38216 7.61451
310 19.968 1.59906 -0.738591 18.4204 -0.738591 18.4204 -0.305934 7.62999
311 19.982 1.20014 -0.554234 18.4495 -0.554234 18.4495 -0.229571 7.64204
312 19.992 0.800491 -0.369628 18.4703 -0.369628 18.4703 -0.153105 7.65065
313 19.998 0.400366 -0.184856 18.4828 -0.184856 18.4828 -0.0765698 7.65583
314 20 9.303e-013 -4.28959e-013 18.487 -4.28959e-013 18.487 -1.77681e-013 7.65755
315 19.998 -0.400366 0.184856 18.4828 0.184856 18.4828 0.0765698 7.65583
316 19.992 -0.800491 0.369628 18.4703 0.369628 18.4703 0.153105 7.65065
317 19.982 -1.20014 0.554234 18.4495 0.554234 18.4495 0.229571 7.64204
318 19.968 -1.59906 0.738591 18.4204 0.738591 18.4204 0.305934 7.62999
319 19.95 -1.99703 0.922615 18.383 0.922615 18.383 0.38216 7.61451
320 19.9281 -2.39379 1.10622 18.3374 1.10622 18.3374 0.458213 7.59561
321 19.9021 -2.78913 1.28934 18.2836 1.28934 18.2836 0.534061 7.57332
322 19.8723 -3.18279 1.47187 18.2216 1.47187 18.2216 0.609668 7.54765
323 19.8385 -3.57455 1.65374 18.1515 1.65374 18.1515 0.685002 7.51861
324 19.8008 -3.96418 1.83487 18.0734 1.83487 18.0734 0.760029 7.48624
325 19.7592 -4.35145 2.01518 17.9872 2.01518 17.9872 0.834716 7.45056
326 19.7138 -4.73612 2.19459 17.8932 2.19459 17.8932 0.90903 7.4116
327 19.6645 -5.11798 2.37302 17.7913 2.37302 17.7913 0.982937 7.36939
328 19.6114 -5.4968 2.55039 17.6816 2.55039 17.6816 1.05641 7.32396
329 19.5546 -5.87236 2.72663 17.5642 2.72663 17.5642 1.12941 7.27535
330 19.494 -6.24446 2.90165 17.4393 2.90165 17.4393 1.2019 7.22359
331 19.4297 -6.61287 3.07539 17.3069 3.07539 17.3069 1.27387 7.16874
332 19.3617 -6.97739 3.24776 17.1671 3.24776 17.1671 1.34527 7.11084
333 19.2902 -7.33782 3.41871 17.02 3.41871 17.02 1.41607 7.04992
334 19.215 -7.69395 3.58814 16.8658 3.58814 16.8658 1.48626 6.98604
335 19.1363 -8.0456 3.756 16.7045 3.756 16.7045 1.55579 6.91924
336 19.0541 -8.39256 3.92221 16.5364 3.92221 16.5364 1.62463 6.84959
337 18.9685 -8.73466 4.0867 16.3614 4.0867 16.3614 1.69277 6.77713
338 18.8794 -9.0717 4.24941 16.1799 4.24941 16.1799 1.76017 6.70193
339 18.7871 -9.40352 4.41028 15.9918 4.41028 15.9918 1.8268 6.62403
340 18.6914 -9.72994 4.56923 15.7974 4.56923 15.7974 1.89264 6.54351
341 18.5925 -10.0508 4.72621 15.5968 4.72621 15.5968 1.95766 6.46042
342 18.4904 -10.3659 4.88115 15.3902 4.88115 15.3902 2.02184 6.37483
343 18.3852 -10.6752 5.03399 15.1777 5.03399 15.1777 2.08515 6.28679
344 18.2769 -10.9784 5.18468 14.9594 5.18468 14.9594 2.14756 6.19639
345 18.1656 -11.2754 5.33316 14.7356 5.33316 14.7356 2.20907 6.10369
346 18.0514 -11.5661 5.47937 14.5064 5.47937 14.5064 2.26963 6.00876
347 17.9343 -11.8504 5.62327 14.272 5.62327 14.272 2.32924 5.91167
348 17.8144 -12.1281 5.7648 14.0326 5.7648 14.0326 2.38786 5.81249
349 17.6918 -12.3992 5.90391 13.7883 5.90391 13.7883 2.44548 5.71129
350 17.5665 -12.6634 6.04055 13.5393 6.04055 13.5393 2.50208 5.60816
351 17.4385 -12.9207 6.17468 13.2858 6.17468 13.2858 2.55764 5.50317
352 17.3081 -13.1709 6.30625 13.028 6.30625 13.028 2.61213 5.39639
353 17.1751 -13.4141 6.43523 12.7661 6.43523 12.7661 2.66556 5.28791
354 17.0398 -13.6501 6.56156 12.5003 6.56156 12.5003 2.71789 5.17779
355 16.9022 -13.8788 6.68522 12.2307 6.68522 12.2307 2.76911 5.06613
356 16.7623 -14.1001 6.80616 11.9576 6.80616 11.9576 2.8192 4.95299
357 16.6202 -14.314 6.92436 11.6811 6.92436 11.6811 2.86816 4.83847
358 16.476 -14.5205 7.03977 11.4014 7.03977 11.4014 2.91597 4.72263
359 16.3298 -14.7193 7.15238 11.1188 7.15238 11.1188 2.96261 4.60557
360 16.1816 -14.9106 7.26214 10.8334 7.26214 10.8334 3.00808 4.48736
361 16.0316 -15.0943 7.36904 10.5455 7.36904 10.5455 3.05236 4.36808
362 15.8798 -15.2703 7.47304 10.2552 7.47304 10.2552 3.09544 4.24782
363 15.7262 -15.4386 7.57413 9.96264 7.57413 9.96264 3.13731 4.12666
364 15.571 -15.5991 7.67229 9.66814 7.67229 9.66814 3.17797 4.00467
365 15.4143 -15.752 7.76749 9.37185 7.76749 9.37185 3.2174 3.88195
366 15.256 -15.897 7.85972 9.07398 7.85972 9.07398 3.2556 3.75856
367 15.0964 -16.0344 7.94897 8.7747 7.94897 8.7747 3.29257 3.6346
368 14.9354 -16.1639 8.03521 8.47422 8.03521 8.47422 3.32829 3.51014
369 14.7731 -16.2857 8.11845 8.17273 8.11845 8.17273 3.36277 3.38525
370 14.6097 -16.3998 8.19866 7.87041 8.19866 7.87041 3.396 3.26003
371 14.4451 -16.5062 8.27585 7.56747 8.27585 7.56747 3.42797 3.13455
372 14.2796 -16.6049 8.35001 7.26408 8.35001 7.26408 3.45869 3.00888
373 14.1131 -16.6959 8.42113 6.96043 8.42113 6.96043 3.48815 2.88311
374 13.9457 -16.7793 8.48922 6.65672 8.48922 6.65672 3.51635 2.7573
375 13.7775 -16.8552 8.55427 6.3531 8.55427 6.3531 3.54329 2.63154
376 13.6086 -16.9235 8.61628 6.04978 8.61628 6.04978 3.56898 2.5059
377 13.4391 -16.9843 8.67527 5.74693 8.67527 5.74693 3.59341 2.38045
378 13.2689 -17.0377 8.73122 5.44471 8.73122 5.44471 3.61659 2.25527
379 13.0983 -17.0838 8.78416 5.1433 8.78416 5.1433 3.63852 2.13043
380 12.9273 -17.1225 8.83409 4.84288 8.83409 4.84288 3.6592 2.00599
381 12.7559 -17.1541 8.88102 4.5436 8.88102 4.5436 3.67864 1.88202
382 12.5842 -17.1785 8.92497 4.24563 8.92497 4.24563 3.69684 1.7586
383 12.4124 -17.1959 8.96594 3.94913 8.96594 3.94913 3.71381 1.63579
384 12.2403 -17.2063 9.00396 3.65426 9.00396 3.65426 3.72956 1.51365
385 12.0683 -17.2098 9.03903 3.36117 9.03903 3.36117 3.74409 1.39224
386 11.8962 -17.2066 9.07119 3.07 9.07119 3.07 3.75741 1.27164
387 11.7241 -17.1967 9.10044 2.78091 9.10044 2.78091 3.76953 1.15189
388 11.5523 -17.1802 9.12681 2.49404 9.12681 2.49404 3.78045 1.03306
389 11.3806 -17.1572 9.15033 2.20952 9.15033 2.20952 3.79019 0.915212
390 11.2091 -17.1279 9.17101 1.92749 9.17101 1.92749 3.79876 0.798391
391 11.038 -17.0923 9.18889 1.64807 9.18889 1.64807 3.80616 0.682655
392 10.8673 -17.0505 9.20398 1.37141 9.20398 1.37141 3.81241 0.568056
393 10.697 -17.0028 9.21632 1.09761 9.21632 1.09761 3.81753 0.454647
394 10.5273 -16.9492 9.22594 0.826806 9.22594 0.826806 3.82151 0.342474
395 10.3581 -16.8897 9.23287 0.559101 9.23287 0.559101 3.82438 0.231587
396 10.1895 -16.8247 9.23714 0.294608 9.23714 0.294608 3.82615 0.12203
397 10.0216 -16.7541 9.23877 0.0334329 9.23877 0.0334329 3.82683 0.0138484
398 9.85443 -16.6781 9.23782 -0.224321 9.23782 -0.224321 3.82643 -0.0929169
399 9.68805 -16.5969 9.2343 -0.478558 9.2343 -0.478558 3.82497 -0.198225
400 9.52251 -16.5106 9.22826 -0.729182 9.22826 -0.729182 3.82247 -0.302037
401 9.35786 -16.4193 9.21973 -0.976107 9.21973 -0.976107 3.81894 -0.404317
402 9.19414 -16.3231 9.20875 -1.21925 9.20875 -1.21925 3.81439 -0.505028
403 9.03141 -16.2222 9.19536 -1.45852 9.19536 -1.45852 3.80884 -0.604138
404 8.86971 -16.1168 9.17959 -1.69385 9.17959 -1.69385 3.80231 -0.701616
405 8.70909 -16.0069 9.16149 -1.92517 9.16149 -1.92517 3.79481 -0.79743
406 8.54959 -15.8928 9.1411 -2.1524 9.1411 -2.1524 3.78637 -0.891554
407 8.39125 -15.7745 9.11846 -2.37549 9.11846 -2.37549 3.77699 -0.98396
408 8.23411 -15.6522 9.09361 -2.59437 9.09361 -2.59437 3.76669 -1.07463
409 8.07822 -15.526 9.06658 -2.809 9.06658 -2.809 3.7555 -1.16353
410 7.9236 -15.3962 9.03744 -3.01931 9.03744 -3.01931 3.74343 -1.25064
411 7.77031 -15.2627 9.00621 -3.22527 9.00621 -3.22527 3.7305 -1.33595
412 7.61836 -15.1259 8.97295 -3.42682 8.97295 -3.42682 3.71672 -1.41943
413 7.4678 -14.9857 8.93769 -3.62393 8.93769 -3.62393 3.70211 -1.50108
414 7.31866 -14.8424 8.90049 -3.81657 8.90049 -3.81657 3.6867 -1.58088
415 7.17096 -14.6961 8.86137 -4.0047 8.86137 -4.0047 3.6705 -1.6588
416 7.02475 -14.547 8.82041 -4.1883 8.82041 -4.1883 3.65353 -1.73485
417 6.88003 -14.3951 8.77762 -4.36735 8.77762 -4.36735 3.63581 -1.80901
418 6.73685 -14.2406 8.73307 -4.54182 8.73307 -4.54182 3.61736 -1.88128
419 6.59523 -14.0837 8.6868 -4.71169 8.6868 -4.71169 3.59819 -1.95165
420 6.45518 -13.9246 8.63886 -4.87697 8.63886 -4.87697 3.57833 -2.02011
421 6.31674 -13.7632 8.58928 -5.03763 8.58928 -5.03763 3.5578 -2.08665
422 6.17993 -13.5998 8.53812 -5.19367 8.53812 -5.19367 3.5366 -2.15129
423 6.04475 -13.4346 8.48542 -5.34509 8.48542 -5.34509 3.51478 -2.21401
424 5.91124 -13.2676 8.43123 -5.49189 8.43123 -5.49189 3.49233 -2.27482
425 5.77941 -13.0989 8.3756 -5.63409 8.3756 -5.63409 3.46929 -2.33371
426 5.64927 -12.9288 8.31857 -5.77167 8.31857 -5.77167 3.44566 -2.3907
427 5.52084 -12.7572 8.26018 -5.90466 8.26018 -5.90466 3.42148 -2.44579
428 5.39413 -12.5845 8.20049 -6.03307 8.20049 -6.03307 3.39675 -2.49898
429 5.26915 -12.4106 8.13953 -6.15692 8.13953 -6.15692 3.37151 -2.55028
430 5.14592 -12.2357 8.07736 -6.27622 8.07736 -6.27622 3.34575 -2.5997
431 5.02444 -12.06 8.01402 -6.391 8.01402 -6.391 3.31952 -2.64724
432 4.90472 -11.8835 7.94956 -6.50129 7.94956 -6.50129 3.29282 -2.69292
433 4.78677 -11.7063 7.88401 -6.60711 7.88401 -6.60711 3.26567 -2.73675
434 4.6706 -11.5287 7.81743 -6.70849 7.81743 -6.70849 3.23809 -2.77875
435 4.5562 -11.3506 7.74986 -6.80546 7.74986 -6.80546 3.2101 -2.81891
436 4.44359 -11.1722 7.68134 -6.89806 7.68134 -6.89806 3.18171 -2.85727
437 4.33276 -10.9936 7.61191 -6.98633 7.61191 -6.98633 3.15296 -2.89383
438 4.22371 -10.8149 7.54163 -7.07031 7.54163 -7.07031 3.12384 -2.92862
439 4.11646 -10.6363 7.47052 -7.15003 7.47052 -7.15003 3.09439 -2.96164
440 4.01099 -10.4577 7.39864 -7.22555 7.39864 -7.22555 3.06462 -2.99292
441 3.9073 -10.2794 7.32602 -7.2969 7.32602 -7.2969 3.03454 -3.02247
442 3.8054 -10.1013 7.25271 -7.36413 7.25271 -7.36413 3.00417 -3.05032
443 3.70527 -9.92367 7.17875 -7.42729 7.17875 -7.42729 2.97354 -3.07648
444 3.60692 -9.7465 7.10418 -7.48644 7.10418 -7.48644 2.94265 -3.10098
445 3.51034 -9.56991 7.02904 -7.54162 7.02904 -7.54162 2.91152 -3.12384
446 3.41552 -9.39398 6.95336 -7.59288 6.95336 -7.59288 2.88018 -3.14507
447 3.32246 -9.21879 6.87719 -7.64029 6.87719 -7.64029 2.84863 -3.16471
448 3.23115 -9.04442 6.80057 -7.68389 6.80057 -7.68389 2.81689 -3.18277
449 3.14157 -8.87095 6.72353 -7.72375 6.72353 -7.72375 2.78498 -3.19928
450 3.05372 -8.69845 6.64611 -7.75992 6.64611 -7.75992 2.75291 -3.21426
451 2.9676 -8.527 6.56834 -7.79246 6.56834 -7.79246 2.7207 -3.22774
452 2.88318 -8.35666 6.49027 -7.82144 6.49027 -7.82144 2.68836 -3.23974
453 2.80046 -8.1875 6.41193 -7.8469 6.41193 -7.8469 2.65591 -3.25029
454 2.71943 -8.01958 6.33334 -7.86892 6.33334 -7.86892 2.62336 -3.25941
455 2.64006 -7.85297 6.25456 -7.88755 6.25456 -7.88755 2.59072 -3.26713
456 2.56236 -7.68773 6.1756 -7.90287 6.1756 -7.90287 2.55802 -3.27347
457 2.4863 -7.52391 6.09651 -7.91492 6.09651 -7.91492 2.52526 -3.27847
458 2.41188 -7.36157 6.01732 -7.92379 6.01732 -7.92379 2.49245 -3.28214
459 2.33907 -7.20076 5.93805 -7.92952 5.93805 -7.92952 2.45962 -3.28452
460 2.26786 -7.04152 5.85874 -7.93219 5.85874 -7.93219 2.42677 -3.28562
461 2.19823 -6.88391 5.77941 -7.93187 5.77941 -7.93187 2.39391 -3.28549
462 2.13017 -6.72797 5.70011 -7.92861 5.70011 -7.92861 2.36106 -3.28414
463 2.06367 -6.57374 5.62085 -7.92248 5.62085 -7.92248 2.32823 -3.2816
464 1.99869 -6.42126 5.54167 -7.91355 5.54167 -7.91355 2.29543 -3.2779
465 1.93524 -6.27057 5.46259 -7.90189 5.46259 -7.90189 2.26268 -3.27307
466 1.87328 -6.1217 5.38364 -7.88755 5.38364 -7.88755 2.22998 -3.26713
467 1.8128 -5.97468 5.30485 -7.87061 5.30485 -7.87061 2.19734 -3.26011
468 1.75378 -5.82956 5.22623 -7.85113 5.22623 -7.85113 2.16478 -3.25205
469 1.6962 -5.68634 5.14783 -7.82918 5.14783 -7.82918 2.1323 -3.24295
470 1.64004 -5.54507 5.06966 -7.80482 5.06966 -7.80482 2.09992 -3.23286
471 1.58529 -5.40576 4.99174 -7.77812 4.99174 -7.77812 2.06765 -3.2218
472 1.53192 -5.26844 4.9141 -7.74914 4.9141 -7.74914 2.03549 -3.2098
473 1.47991 -5.13313 4.83677 -7.71795 4.83677 -7.71795 2.00345 -3.19688
474 1.42925 -4.99984 4.75975 -7.6846 4.75975 -7.6846 1.97155 -3.18307
475 1.37991 -4.86859 4.68308 -7.64917 4.68308 -7.64917 1.9398 -3.16839
476 1.33187 -4.7394 4.60678 -7.61171 4.60678 -7.61171 1.90819 -3.15287
477 1.28512 -4.61228 4.53085 -7.5723 4.53085 -7.5723 1.87674 -3.13655
478 1.23962 -4.48723 4.45534 -7.53098 4.45534 -7.53098 1.84546 -3.11943
479 1.19536 -4.36427 4.38024 -7.48783 4.38024 -7.48783 1.81436 -3.10156
480 1.15233 -4.24341 4.30559 -7.4429 4.30559 -7.4429 1.78343 -3.08295
481 1.11049 -4.12464 4.23139 -7.39626 4.23139 -7.39626 1.7527 -3.06363
482 1.06983 -4.00798 4.15767 -7.34796 4.15767 -7.34796 1.72216 -3.04362
483 1.03032 -3.89342 4.08443 -7.29806 4.08443 -7.29806 1.69183 -3.02295
484 0.991952 -3.78097 4.01171 -7.24662 4.01171 -7.24662 1.6617 -3.00165
485 0.954696 -3.67063 3.93951 -7.1937 3.93951 -7.1937 1.6318 -2.97973
486 0.918533 -3.56239 3.86784 -7.13936 3.86784 -7.13936 1.60211 -2.95722
487 0.883441 -3.45624 3.79672 -7.08364 3.79672 -7.08364 1.57265 -2.93414
488 0.849401 -3.35219 3.72617 -7.02662 3.72617 -7.02662 1.54343 -2.91052
489 0.816391 -3.25023 3.6562 -6.96833 3.6562 -6.96833 1.51445 -2.88638
490 0.784389 -3.15035 3.58681 -6.90884 3.58681 -6.90884 1.48571 -2.86174
491 0.753377 -3.05254 3.51802 -6.8482 3.51802 -6.8482 1.45721 -2.83662
492 0.723332 -2.95679 3.44985 -6.78646 3.44985 -6.78646 1.42897 -2.81104
493 0.694234 -2.86309 3.3823 -6.72367 3.3823 -6.72367 1.40099 -2.78504
494 0.666063 -2.77143 3.31538 -6.65988 3.31538 -6.65988 1.37327 -2.75861
495 0.638799 -2.68179 3.2491 -6.59514 3.2491 -6.59514 1.34582 -2.7318
496 0.612421 -2.59417 3.18348 -6.5295 3.18348 -6.5295 1.31864 -2.70461
497 0.586909 -2.50853 3.11852 -6.46301 3.11852 -6.46301 1.29173 -2.67707
498 0.562243 -2.42488 3.05422 -6.39572 3.05422 -6.39572 1.2651 -2.64919
499 0.538405 -2.34319 2.9906 -6.32766 2.9906 -6.32766 1.23875 -2.621
500 0.515373 -2.26344 2.92767 -6.25889 2.92767 -6.25889 1.21268 -2.59252
501 0.493129 -2.18561 2.86543 -6.18945 2.86543 -6.18945 1.1869 -2.56375
502 0.471654 -2.10969 2.80388 -6.11938 2.80388 -6.11938 1.16141 -2.53473
503 0.450929 -2.03566 2.74304 -6.04873 2.74304 -6.04873 1.13621 -2.50547
504 0.430935 -1.96349 2.68291 -5.97754 2.68291 -5.97754 1.1113 -2.47598
505 0.411653 -1.89316 2.62349 -5.90584 2.62349 -5.90584 1.08669 -2.44628
506 0.393066 -1.82465 2.5648 -5.83369 2.5648 -5.83369 1.06237 -2.41639
507 0.375154 -1.75794 2.50682 -5.76111 2.50682 -5.76111 1.03836 -2.38633
508 0.357901 -1.69301 2.44957 -5.68814 2.44957 -5.68814 1.01465 -2.35611
509 0.341288 -1.62982 2.39306 -5.61483 2.39306 -5.61483 0.991238 -2.32574
510 0.325299 -1.56836 2.33728 -5.54121 2.33728 -5.54121 0.968133 -2.29524
511 0.309915 -1.50861 2.28224 -5.46731 2.28224 -5.46731 0.945333 -2.26464
512 0.295121 -1.45053 2.22793 -5.39318 2.22793 -5.39318 0.92284 -2.23393
513 0.280899 -1.3941 2.17437 -5.31883 2.17437 -5.31883 0.900655 -2.20313
514 0.267234 -1.3393 2.12156 -5.24432 2.12156 -5.24432 0.878778 -2.17227
515 0.254108 -1.28609 2.06949 -5.16966 2.06949 -5.16966 0.85721 -2.14134
516 0.241506 -1.23446 2.01816 -5.0949 2.01816 -5.0949 0.835951 -2.11037
517 0.229414 -1.18438 1.96759 -5.02005 1.96759 -5.02005 0.815002 -2.07937
518 0.217814 -1.13582 1.91776 -4.94516 1.91776 -4.94516 0.794364 -2.04835
519 0.206692 -1.08875 1.86869 -4.87025 1.86869 -4.87025 0.774035 -2.01732
520 0.196034 -1.04315 1.82036 -4.79535 1.82036 -4.79535 0.754017 -1.9863
521 0.185824 -0.99898 1.77278 -4.72048 1.77278 -4.72048 0.734309 -1.95529
522 0.17605 -0.956227 1.72595 -4.64568 1.72595 -4.64568 0.714912 -1.92431
523 0.166695 -0.914857 1.67987 -4.57098 1.67987 -4.57098 0.695823 -1.89336
524 0.157748 -0.874844 1.63453 -4.49638 1.63453 -4.49638 0.677044 -1.86246
525 0.149194 -0.836161 1.58994 -4.42193 1.58994 -4.42193 0.658574 -1.83162
526 0.14102 -0.798778 1.54609 -4.34765 1.54609 -4.34765 0.640411 -1.80085
527 0.133214 -0.76267 1.50298 -4.27355 1.50298 -4.27355 0.622556 -1.77016
528 0.125763 -0.727808 1.46062 -4.19966 1.46062 -4.19966 0.605008 -1.73956
529 0.118654 -0.694166 1.41899 -4.12601 1.41899 -4.12601 0.587765 -1.70905
530 0.111876 -0.661715 1.3781 -4.05262 1.3781 -4.05262 0.570827 -1.67865
531 0.105416 -0.630429 1.33794 -3.9795 1.33794 -3.9795 0.554192 -1.64836
532 0.0992632 -0.60028 1.29851 -3.90668 1.29851 -3.90668 0.537859 -1.6182
533 0.0934065 -0.571241 1.2598 -3.83418 1.2598 -3.83418 0.521827 -1.58817
534 0.0878347 -0.543286 1.22182 -3.76201 1.22182 -3.76201 0.506095 -1.55828
535 0.0825372 -0.516388 1.18456 -3.6902 1.18456 -3.6902 0.490661 -1.52853
536 0.0775036 -0.490519 1.14802 -3.61876 1.14802 -3.61876 0.475524 -1.49894
537 0.0727235 -0.465655 1.11218 -3.54771 1.11218 -3.54771 0.460682 -1.46951
538 0.0681872 -0.441769 1.07706 -3.47708 1.07706 -3.47708 0.446133 -1.44025
539 0.063885 -0.418834 1.04264 -3.40686 1.04264 -3.40686 0.431876 -1.41117
540 0.0598074 -0.396826 1.00892 -3.33709 1.00892 -3.33709 0.417909 -1.38227
541 0.0559454 -0.375718 0.975898 -3.26777 0.975898 -3.26777 0.40423 -1.35356
542 0.0522901 -0.355486 0.943565 -3.19893 0.943565 -3.19893 0.390837 -1.32504
543 0.0488329 -0.336105 0.911918 -3.13057 0.911918 -3.13057 0.377729 -1.29673
544 0.0455653 -0.31755 0.880952 -3.06272 0.880952 -3.06272 0.364902 -1.26862
545 0.0424792 -0.299796 0.850662 -2.99537 0.850662 -2.99537 0.352356 -1.24072
546 0.0395668 -0.282821 0.821043 -2.92856 0.821043 -2.92856 0.340087 -1.21305
547 0.0368203 -0.266599 0.792089 -2.86229 0.792089 -2.86229 0.328094 -1.1856
548 0.0342324 -0.251108 0.763795 -2.79657 0.763795 -2.79657 0.316374 -1.15838
549 0.0317958 -0.236325 0.736155 -2.73142 0.736155 -2.73142 0.304926 -1.13139
550 0.0295036 -0.222227 0.709165 -2.66685 0.709165 -2.66685 0.293746 -1.10464
551 0.027349 -0.208792 0.682817 -2.60286 0.682817 -2.60286 0.282832 -1.07814
552 0.0253256 -0.195997 0.657105 -2.53948 0.657105 -2.53948 0.272182 -1.05189
553 0.023427 -0.183822 0.632025 -2.47671 0.632025 -2.47671 0.261793 -1.02589
554 0.0216472 -0.172244 0.607569 -2.41456 0.607569 -2.41456 0.251663 -1.00014
555 0.0199802 -0.161243 0.583732 -2.35305 0.583732 -2.35305 0.24179 -0.974664
556 0.0184204 -0.150799 0.560506 -2.29218 0.560506 -2.29218 0.232169 -0.94945
557 0.0169624 -0.140891 0.537886 -2.23196 0.537886 -2.23196 0.2228 -0.924506
558 0.0156009 -0.131499 0.515865 -2.1724 0.515865 -2.1724 0.213678 -0.899836
559 0.0143308 -0.122604 0.494436 -2.11351 0.494436 -2.11351 0.204802 -0.875444
560 0.0131472 -0.114188 0.473592 -2.0553 0.473592 -2.0553 0.196168 -0.851334
561 0.0120455 -0.106231 0.453327 -1.99778 0.453327 -1.99778 0.187774 -0.827508
562 0.0110211 -0.0987161 0.433634 -1.94096 0.433634 -1.94096 0.179617 -0.803972
563 0.0100698 -0.0916246 0.414506 -1.88484 0.414506 -1.88484 0.171694 -0.780726
564 0.00918728 -0.0849394 0.395935 -1.82943 0.395935 -1.82943 0.164002 -0.757776
565 0.00836968 -0.0786436 0.377915 -1.77475 0.377915 -1.77475 0.156537 -0.735125
566 0.00761316 -0.0727207 0.360438 -1.72079 0.360438 -1.72079 0.149298 -0.712774
567 0.00691408 -0.0671545 0.343497 -1.66757 0.343497 -1.66757 0.142281 -0.690728
568 0.00626894 -0.0619292 0.327084 -1.61508 0.327084 -1.61508 0.135483 -0.668989
569 0.00567441 -0.0570296 0.311192 -1.56335 0.311192 -1.56335 0.1289 -0.64756
570 0.00512731 -0.0524408 0.295814 -1.51237 0.295814 -1.51237 0.12253 -0.626444
571 0.0046246 -0.0481482 0.280942 -1.46215 0.280942 -1.46215 0.11637 -0.605643
572 0.0041634 -0.0441377 0.266569 -1.4127 0.266569 -1.4127 0.110416 -0.58516
573 0.00374095 -0.0403957 0.252686 -1.36402 0.252686 -1.36402 0.104666 -0.564997
574 0.00335464 -0.0369088 0.239286 -1.31613 0.239286 -1.31613 0.0991154 -0.545158
575 0.00300197 -0.0336642 0.226361 -1.26902 0.226361 -1.26902 0.0937617 -0.525644
576 0.00268059 -0.0306493 0.213903 -1.22269 0.213903 -1.22269 0.0886014 -0.506457
577 0.00238826 -0.0278521 0.201904 -1.17717 0.201904 -1.17717 0.0836314 -0.4876
578 0.00212286 -0.0252608 0.190357 -1.13245 0.190357 -1.13245 0.0788483 -0.469075
579 0.00188239 -0.0228642 0.179253 -1.08853 0.179253 -1.08853 0.0742488 -0.450884
580 0.00166497 -0.0206514 0.168583 -1.04543 0.168583 -1.04543 0.0698295 -0.433029
581 0.00146879 -0.0186118 0.158341 -1.00314 0.158341 -1.00314 0.0655871 -0.415513
582 0.00129219 -0.0167352 0.148518 -0.96167 0.148518 -0.96167 0.0615181 -0.398337
583 0.00113357 -0.0150119 0.139105 -0.921029 0.139105 -0.921029 0.0576192 -0.381503
584 0.000991469 -0.0134324 0.130095 -0.881218 0.130095 -0.881218 0.0538869 -0.365012
585 0.000864477 -0.0119878 0.121478 -0.842241 0.121478 -0.842241 0.0503178 -0.348868
586 0.000751292 -0.0106694 0.113247 -0.804103 0.113247 -0.804103 0.0469084 -0.333071
587 0.000650696 -0.00946884 0.105393 -0.766809 0.105393 -0.766809 0.0436553 -0.317623
588 0.000561549 -0.00837817 0.097908 -0.730361 0.097908 -0.730361 0.0405548 -0.302525
589 0.000482791 -0.00738979 0.0907831 -0.694763 0.0907831 -0.694763 0.0376036 -0.28778
590 0.000413436 -0.00649644 0.0840099 -0.660021 0.0840099 -0.660021 0.034798 -0.27339
591 0.000352569 -0.00569118 0.0775798 -0.626136 0.0775798 -0.626136 0.0321346 -0.259354
592 0.000299341 -0.00496742 0.0714843 -0.593113 0.0714843 -0.593113 0.0296097 -0.245676
593 0.00025297 -0.00431888 0.0657146 -0.560956 0.0657146 -0.560956 0.0272199 -0.232356
594 0.000212733 -0.00373961 0.0602622 -0.529667 0.0602622 -0.529667 0.0249614 -0.219395
595 0.000177966 -0.00322397 0.0551184 -0.499249 0.0551184 -0.499249 0.0228308 -0.206796
596 0.000148059 -0.00276662 0.0502743 -0.469707 0.0502743 -0.469707 0.0208243 -0.194559
597 0.000122456 -0.00236251 0.0457213 -0.441042 0.0457213 -0.441042 0.0189384 -0.182686
598 0.000100647 -0.0020069 0.0414506 -0.413258 0.0414506 -0.413258 0.0171694 -0.171177
599 8.21712e-005 -0.00169532 0.0374532 -0.386358 0.0374532 -0.386358 0.0155136 -0.160035
600 6.66082e-005 -0.00142358 0.0337205 -0.360344 0.0337205 -0.360344 0.0139675 -0.149259
601 5.35799e-005 -0.00118777 0.0302434 -0.335219 0.0302434 -0.335219 0.0125272 -0.138852
602 4.27454e-005 -0.000984207 0.0270131 -0.310986 0.0270131 -0.310986 0.0111892 -0.128815
603 3.37996e-005 -0.000809498 0.0240207 -0.287647 0.0240207 -0.287647 0.0099497 -0.119147
604 2.64699e-005 -0.000660475 0.0212572 -0.265204 0.0212572 -0.265204 0.00880502 -0.109851
605 2.05143e-005 -0.00053421 0.0187136 -0.24366 0.0187136 -0.24366 0.00775144 -0.100927
606 1.57188e-005 -0.000428003 0.016381 -0.223016 0.016381 -0.223016 0.00678523 -0.0923764
607 1.18956e-005 -0.000339375 0.0142503 -0.203276 0.0142503 -0.203276 0.00590267 -0.0841996
608 8.88034e-006 -0.000266055 0.0123125 -0.18444 0.0123125 -0.18444 0.00509999 -0.0763977
609 6.53042e-006 -0.000205975 0.0105585 -0.166512 0.0105585 -0.166512 0.00437346 -0.0689714
610 4.72297e-006 -0.000157262 0.00897921 -0.149492 0.00897921 -0.149492 0.00371931 -0.0619214
611 3.35294e-006 -0.000118225 0.0075656 -0.133382 0.0075656 -0.133382 0.00313377 -0.0552485
612 2.33129e-006 -8.73486e-005 0.00630853 -0.118184 0.00630853 -0.118184 0.00261308 -0.0489534
613 1.58328e-006 -6.32837e-005 0.00519888 -0.103899 0.00519888 -0.103899 0.00215344 -0.0430366
614 1.0469e-006 -4.48378e-005 0.00422749 -0.0905299 0.00422749 -0.0905299 0.00175108 -0.0374987
615 6.71296e-007 -3.09654e-005 0.00338522 -0.0780765 0.00338522 -0.0780765 0.00140221 -0.0323403
616 4.15385e-007 -2.07592e-005 0.0026629 -0.0665406 0.0026629 -0.0665406 0.00110301 -0.027562
617 2.46501e-007 -1.34401e-005 0.00205135 -0.0559233 0.00205135 -0.0559233 0.000849697 -0.0231642
618 1.39173e-007 -8.34758e-006 0.00154137 -0.0462257 0.00154137 -0.0462257 0.000638457 -0.0191473
619 7.39762e-008 -4.93041e-006 0.00112377 -0.0374488 0.00112377 -0.0374488 0.000465479 -0.0155118
620 3.64964e-008 -2.73665e-006 0.000789325 -0.0295933 0.000789325 -0.0295933 0.000326949 -0.012258
621 1.63819e-008 -1.40393e-006 0.000528825 -0.0226602 0.000528825 -0.0226602 0.000219047 -0.00938618
622 6.4974e-009 -6.49662e-007 0.000333043 -0.0166501 0.000333043 -0.0166501 0.000137951 -0.00689672
623 2.17621e-009 -2.61123e-007 0.000192744 -0.0115637 0.000192744 -0.0115637 7.98371e-005 -0.00478983
624 5.70532e-010 -8.55751e-008 9.86893e-005 -0.0074013 9.86893e-005 -0.0074013 4.08784e-005 -0.00306572
625 1.01551e-010 -2.03093e-008 4.1636e-005 -0.00416347 4.1636e-005 -0.00416347 1.72462e-005 -0.00172457
626 8.91553e-012 -2.67465e-009 1.23369e-005 -0.00185051 1.23369e-005 -0.00185051 5.11011e-006 -0.000766506
627 1.38556e-013 -8.35861e-011 1.54214e-006 -0.000462639 1.54214e-006 -0.000462639 6.38774e-007 -0.000191631
628 0 0 3.39428e-015 0 3.39428e-015 0 1.40596e-015 0
