0 0 0
1 1.6692e-006 0.000500757
2 1.33534e-005 0.00200298
3 4.50665e-005 0.00450651
4 0.000106821 0.00801111
5 0.000208624 0.0125164
6 0.000360483 0.018022
7 0.000572397 0.0245273
8 0.000854359 0.0320316
9 0.00121636 0.0405343
10 0.00166837 0.0500344
11 0.00222037 0.060531
12 0.00288231 0.072023
13 0.00366414 0.0845094
14 0.0045758 0.0979888
15 0.00562722 0.11246
16 0.0068283 0.127921
17 0.00818895 0.144371
18 0.00971902 0.161809
19 0.0114284 0.180231
20 0.0133269 0.199637
21 0.0154244 0.220024
22 0.0177307 0.241391
23 0.0202555 0.263736
24 0.0230086 0.287055
25 0.0259998 0.311347
26 0.0292388 0.33661
27 0.0327353 0.36284
28 0.0364989 0.390036
29 0.0405392 0.418194
30 0.0448659 0.447312
31 0.0494886 0.477386
32 0.0544168 0.508414
33 0.0596601 0.540393
34 0.0652278 0.573319
35 0.0711296 0.60719
36 0.0773748 0.642001
37 0.0839727 0.677749
38 0.0909329 0.714431
39 0.0982645 0.752043
40 0.105977 0.790581
41 0.114079 0.830042
42 0.122581 0.870421
43 0.131491 0.911714
44 0.140818 0.953918
45 0.150572 0.997027
46 0.160762 1.04104
47 0.171396 1.08595
48 0.182484 1.13175
49 0.194034 1.17844
50 0.206055 1.22601
51 0.218557 1.27446
52 0.231547 1.32379
53 0.245036 1.37399
54 0.25903 1.42504
55 0.273539 1.47696
56 0.288572 1.52973
57 0.304137 1.58335
58 0.320242 1.63782
59 0.336896 1.69312
60 0.354107 1.74925
61 0.371884 1.80621
62 0.390234 1.86399
63 0.409166 1.92258
64 0.428688 1.98199
65 0.448809 2.04219
66 0.469535 2.1032
67 0.490875 2.16499
68 0.512837 2.22757
69 0.535429 2.29093
70 0.558658 2.35506
71 0.582533 2.41996
72 0.60706 2.48561
73 0.632248 2.55202
74 0.658103 2.61917
75 0.684634 2.68707
76 0.711847 2.75569
77 0.73975 2.82504
78 0.76835 2.89512
79 0.797655 2.9659
80 0.82767 3.03738
81 0.858405 3.10957
82 0.889864 3.18244
83 0.922056 3.256
84 0.954986 3.33023
85 0.988663 3.40513
86 1.02309 3.4807
87 1.05828 3.55691
88 1.09423 3.63377
89 1.13096 3.71127
90 1.16846 3.7894
91 1.20675 3.86815
92 1.24582 3.94751
93 1.2857 4.02748
94 1.32638 4.10805
95 1.36786 4.18921
96 1.41016 4.27095
97 1.45328 4.35327
98 1.49723 4.43615
99 1.54201 4.51959
100 1.58762 4.60358
101 1.63408 4.68811
102 1.68139 4.77317
103 1.72955 4.85875
104 1.77856 4.94485
105 1.82844 5.03146
106 1.87919 5.11856
107 1.93082 5.20616
108 1.98332 5.29423
109 2.0367 5.38278
110 2.09098 5.47179
111 2.14614 5.56125
112 2.2022 5.65115
113 2.25917 5.7415
114 2.31703 5.83227
115 2.37581 5.92345
116 2.4355 6.01505
117 2.49611 6.10704
118 2.55765 6.19943
119 2.6201 6.2922
120 2.68349 6.38533
121 2.74781 6.47883
122 2.81307 6.57269
123 2.87927 6.66688
124 2.94641 6.76141
125 3.0145 6.85627
126 3.08353 6.95144
127 3.15353 7.04692
128 3.22447 7.14269
129 3.29638 7.23875
130 3.36925 7.33508
131 3.44308 7.43169
132 3.51788 7.52855
133 3.59366 7.62566
134 3.6704 7.723
135 3.74812 7.82058
136 3.82681 7.91837
137 3.90648 8.01638
138 3.98714 8.11458
139 4.06878 8.21297
140 4.1514 8.31154
141 4.23501 8.41028
142 4.31961 8.50918
143 4.40519 8.60823
144 4.49177 8.70742
145 4.57934 8.80674
146 4.66791 8.90618
147 4.75747 9.00573
148 4.84802 9.10538
149 4.93957 9.20512
150 5.03212 9.30493
151 5.12567 9.40482
152 5.22022 9.50477
153 5.31577 9.60477
154 5.41232 9.70481
155 5.50986 9.80488
156 5.60841 9.90497
157 5.70796 10.0051
158 5.80851 10.1052
159 5.91007 10.2053
160 6.01262 10.3053
161 6.11617 10.4054
162 6.22073 10.5054
163 6.32628 10.6053
164 6.43283 10.7052
165 6.54038 10.805
166 6.64893 10.9048
167 6.75848 11.0044
168 6.86902 11.104
169 6.98056 11.2034
170 7.09309 11.3027
171 7.20661 11.4019
172 7.32113 11.501
173 7.43663 11.5999
174 7.55312 11.6986
175 7.6706 11.7972
176 7.78907 11.8956
177 7.90851 11.9938
178 8.02894 12.0918
179 8.15035 12.1896
180 8.27273 12.2871
181 8.39609 12.3845
182 8.52042 12.4816
183 8.64572 12.5785
184 8.77199 12.6751
185 8.89922 12.7714
186 9.02742 12.8675
187 9.15657 12.9632
188 9.28668 13.0587
189 9.41774 13.1539
190 9.54976 13.2487
191 9.68272 13.3433
192 9.81662 13.4375
193 9.95146 13.5313
194 10.0872 13.6248
195 10.224 13.7179
196 10.3616 13.8107
197 10.5002 13.9031
198 10.6397 13.9951
199 10.7801 14.0867
200 10.9214 14.1779
201 11.0636 14.2686
202 11.2068 14.359
203 11.3508 14.4489
204 11.4957 14.5384
205 11.6416 14.6274
206 11.7883 14.7159
207 11.9359 14.804
208 12.0844 14.8916
209 12.2337 14.9787
210 12.3839 15.0653
211 12.535 15.1514
212 12.687 15.237
213 12.8398 15.322
214 12.9934 15.4066
215 13.1479 15.4906
216 13.3032 15.574
217 13.4594 15.6569
218 13.6163 15.7392
219 13.7742 15.8209
220 13.9328 15.9021
221 14.0922 15.9827
222 14.2524 16.0626
223 14.4134 16.142
224 14.5753 16.2207
225 14.7379 16.2989
226 14.9012 16.3764
227 15.0654 16.4532
228 15.2303 16.5294
229 15.396 16.605
230 15.5624 16.6799
231 15.7296 16.7541
232 15.8975 16.8277
233 16.0661 16.9006
234 16.2355 16.9728
235 16.4056 17.0442
236 16.5764 17.115
237 16.7479 17.1851
238 16.9201 17.2545
239 17.093 17.3231
240 17.2665 17.391
241 17.4408 17.4581
242 17.6157 17.5245
243 17.7913 17.5902
244 17.9675 17.6551
245 18.1444 17.7192
246 18.3219 17.7826
247 18.5 17.8452
248 18.6788 17.9069
249 18.8581 17.968
250 19.0381 18.0282
251 19.2187 18.0876
252 19.3999 18.1462
253 19.5816 18.2039
254 19.7639 18.2609
255 19.9468 18.317
256 20.1303 18.3723
257 20.3143 18.4268
258 20.4988 18.4804
259 20.6839 18.5332
260 20.8695 18.5851
261 21.0556 18.6362
262 21.2422 18.6864
263 21.4293 18.7357
264 21.6169 18.7841
265 21.805 18.8317
266 21.9935 18.8784
267 22.1826 18.9242
268 22.372 18.9691
269 22.5619 19.0131
270 22.7523 19.0562
271 22.9431 19.0984
272 23.1342 19.1397
273 23.3258 19.1801
274 23.5178 19.2196
275 23.7102 19.2581
276 23.903 19.2957
277 24.0961 19.3324
278 24.2896 19.3681
279 24.4835 19.403
280 24.6777 19.4368
281 24.8722 19.4698
282 25.0671 19.5017
283 25.2623 19.5328
284 25.4577 19.5628
285 25.6535 19.592
286 25.8496 19.6201
287 26.0459 19.6473
288 26.2425 19.6735
289 26.4394 19.6988
290 26.6365 19.7231
291 26.8338 19.7464
292 27.0314 19.7688
293 27.2292 19.7901
294 27.4272 19.8105
295 27.6254 19.8299
296 27.8238 19.8483
297 28.0224 19.8658
298 28.2211 19.8822
299 28.42 19.8977
300 28.6191 19.9122
301 28.8183 19.9256
302 29.0176 19.9381
303 29.217 19.9496
304 29.4166 19.9601
305 29.6162 19.9696
306 29.816 19.9781
307 30.0158 19.9856
308 30.2157 19.9921
309 30.4156 19.9976
310 30.6156 20.0021
311 30.8157 20.0056
312 31.0157 20.0081
313 31.2158 20.0096
314 31.4159 20.0101
315 31.616 20.0096
316 31.8161 20.0081
317 32.0162 20.0056
318 32.2162 20.0021
319 32.4162 19.9976
320 32.6162 19.9921
321 32.8161 19.9856
322 33.0159 19.9781
323 33.2156 19.9696
324 33.4153 19.9601
325 33.6148 19.9496
326 33.8143 19.9381
327 34.0136 19.9256
328 34.2128 19.9122
329 34.4118 19.8977
330 34.6107 19.8822
331 34.8095 19.8658
332 35.008 19.8483
333 35.2064 19.8299
334 35.4046 19.8105
335 35.6026 19.7901
336 35.8004 19.7688
337 35.998 19.7464
338 36.1954 19.7231
339 36.3925 19.6988
340 36.5893 19.6735
341 36.7859 19.6473
342 36.9823 19.6201
343 37.1783 19.592
344 37.3741 19.5628
345 37.5696 19.5328
346 37.7648 19.5017
347 37.9596 19.4698
348 38.1541 19.4368
349 38.3483 19.403
350 38.5422 19.3681
351 38.7357 19.3324
352 38.9288 19.2957
353 39.1216 19.2581
354 39.314 19.2196
355 39.506 19.1801
356 39.6976 19.1397
357 39.8888 19.0984
358 40.0796 19.0562
359 40.2699 19.0131
360 40.4598 18.9691
361 40.6493 18.9242
362 40.8383 18.8784
363 41.0269 18.8317
364 41.2149 18.7841
365 41.4025 18.7357
366 41.5897 18.6864
367 41.7763 18.6362
368 41.9624 18.5851
369 42.148 18.5332
370 42.333 18.4804
371 42.5176 18.4268
372 42.7016 18.3723
373 42.885 18.317
374 43.0679 18.2609
375 43.2502 18.2039
376 43.432 18.1462
377 43.6132 18.0876
378 43.7937 18.0282
379 43.9737 17.968
380 44.1531 17.9069
381 44.3318 17.8452
382 44.51 17.7826
383 44.6875 17.7192
384 44.8644 17.6551
385 45.0406 17.5902
386 45.2162 17.5245
387 45.3911 17.4581
388 45.5653 17.391
389 45.7389 17.3231
390 45.9118 17.2545
391 46.084 17.1851
392 46.2555 17.115
393 46.4263 17.0442
394 46.5964 16.9728
395 46.7657 16.9006
396 46.9344 16.8277
397 47.1023 16.7541
398 47.2695 16.6799
399 47.4359 16.605
400 47.6016 16.5294
401 47.7665 16.4532
402 47.9306 16.3764
403 48.094 16.2989
404 48.2566 16.2207
405 48.4184 16.142
406 48.5794 16.0626
407 48.7397 15.9827
408 48.8991 15.9021
409 49.0577 15.8209
410 49.2155 15.7392
411 49.3725 15.6569
412 49.5286 15.574
413 49.684 15.4906
414 49.8384 15.4066
415 49.9921 15.322
416 50.1449 15.237
417 50.2968 15.1514
418 50.4479 15.0653
419 50.5981 14.9787
420 50.7475 14.8916
421 50.896 14.804
422 51.0436 14.7159
423 51.1903 14.6274
424 51.3361 14.5384
425 51.481 14.4489
426 51.6251 14.359
427 51.7682 14.2686
428 51.9105 14.1779
429 52.0518 14.0867
430 52.1922 13.9951
431 52.3317 13.9031
432 52.4703 13.8107
433 52.6079 13.7179
434 52.7446 13.6248
435 52.8804 13.5313
436 53.0152 13.4375
437 53.1491 13.3433
438 53.2821 13.2487
439 53.4141 13.1539
440 53.5452 13.0587
441 53.6753 12.9632
442 53.8044 12.8675
443 53.9326 12.7714
444 54.0599 12.6751
445 54.1861 12.5785
446 54.3114 12.4816
447 54.4358 12.3845
448 54.5591 12.2871
449 54.6815 12.1896
450 54.8029 12.0918
451 54.9233 11.9938
452 55.0428 11.8956
453 55.1613 11.7972
454 55.2787 11.6986
455 55.3952 11.5999
456 55.5107 11.501
457 55.6252 11.4019
458 55.7388 11.3027
459 55.8513 11.2034
460 55.9628 11.104
461 56.0734 11.0044
462 56.1829 10.9048
463 56.2915 10.805
464 56.399 10.7052
465 56.5056 10.6053
466 56.6111 10.5054
467 56.7157 10.4054
468 56.8192 10.3053
469 56.9218 10.2053
470 57.0233 10.1052
471 57.1239 10.0051
472 57.2234 9.90497
473 57.322 9.80488
474 57.4195 9.70481
475 57.5161 9.60477
476 57.6116 9.50477
477 57.7062 9.40482
478 57.7997 9.30493
479 57.8923 9.20512
480 57.9838 9.10538
481 58.0744 9.00573
482 58.1639 8.90618
483 58.2525 8.80674
484 58.3401 8.70742
485 58.4267 8.60823
486 58.5122 8.50918
487 58.5968 8.41028
488 58.6805 8.31154
489 58.7631 8.21297
490 58.8447 8.11458
491 58.9254 8.01638
492 59.005 7.91837
493 59.0837 7.82058
494 59.1615 7.723
495 59.2382 7.62566
496 59.314 7.52855
497 59.3888 7.43169
498 59.4626 7.33508
499 59.5355 7.23875
500 59.6074 7.14269
501 59.6783 7.04692
502 59.7483 6.95144
503 59.8174 6.85627
504 59.8854 6.76141
505 59.9526 6.66688
506 60.0188 6.57269
507 60.084 6.47883
508 60.1484 6.38533
509 60.2117 6.2922
510 60.2742 6.19943
511 60.3357 6.10704
512 60.3963 6.01505
513 60.456 5.92345
514 60.5148 5.83227
515 60.5727 5.7415
516 60.6297 5.65115
517 60.6857 5.56125
518 60.7409 5.47179
519 60.7951 5.38278
520 60.8485 5.29423
521 60.901 5.20616
522 60.9527 5.11856
523 61.0034 5.03146
524 61.0533 4.94485
525 61.1023 4.85875
526 61.1505 4.77317
527 61.1978 4.68811
528 61.2442 4.60358
529 61.2898 4.51959
530 61.3346 4.43615
531 61.3786 4.35327
532 61.4217 4.27095
533 61.464 4.18921
534 61.5055 4.10805
535 61.5462 4.02748
536 61.586 3.94751
537 61.6251 3.86815
538 61.6634 3.7894
539 61.7009 3.71127
540 61.7376 3.63377
541 61.7736 3.55691
542 61.8088 3.4807
543 61.8432 3.40513
544 61.8769 3.33023
545 61.9098 3.256
546 61.942 3.18244
547 61.9734 3.10957
548 62.0042 3.03738
549 62.0342 2.9659
550 62.0635 2.89512
551 62.0921 2.82504
552 62.12 2.75569
553 62.1472 2.68707
554 62.1738 2.61917
555 62.1996 2.55202
556 62.2248 2.48561
557 62.2493 2.41996
558 62.2732 2.35506
559 62.2964 2.29093
560 62.319 2.22757
561 62.341 2.16499
562 62.3623 2.1032
563 62.383 2.04219
564 62.4032 1.98199
565 62.4227 1.92258
566 62.4416 1.86399
567 62.46 1.80621
568 62.4777 1.74925
569 62.495 1.69312
570 62.5116 1.63782
571 62.5277 1.58335
572 62.5433 1.52973
573 62.5583 1.47696
574 62.5728 1.42504
575 62.5868 1.37399
576 62.6003 1.32379
577 62.6133 1.27446
578 62.6258 1.22601
579 62.6378 1.17844
580 62.6494 1.13175
581 62.6605 1.08595
582 62.6711 1.04104
583 62.6813 0.997027
584 62.691 0.953918
585 62.7004 0.911714
586 62.7093 0.870421
587 62.7178 0.830042
588 62.7259 0.790581
589 62.7336 0.752043
590 62.7409 0.714431
591 62.7479 0.677749
592 62.7545 0.642001
593 62.7607 0.60719
594 62.7666 0.573319
595 62.7722 0.540393
596 62.7774 0.508414
597 62.7824 0.477386
598 62.787 0.447312
599 62.7913 0.418194
600 62.7954 0.390036
601 62.7991 0.36284
602 62.8026 0.33661
603 62.8059 0.311347
604 62.8088 0.287055
605 62.8116 0.263736
606 62.8141 0.241391
607 62.8164 0.220024
608 62.8185 0.199637
609 62.8204 0.180231
610 62.8221 0.161809
611 62.8237 0.144371
612 62.825 0.127921
613 62.8262 0.11246
614 62.8273 0.0979888
615 62.8282 0.0845094
616 62.829 0.072023
617 62.8296 0.060531
618 62.8302 0.0500344
619 62.8306 0.0405343
620 62.831 0.0320316
621 62.8313 0.0245273
622 62.8315 0.018022
623 62.8316 0.0125164
624 62.8317 0.00801111
625 62.8318 0.00450651
626 62.8318 0.00200298
627 62.8319 0.000500757
628 62.8319 0
