0 0.0075 0 -0.3875 0 0 
10 0.4675 -10 -3.025 0 0 
10 4.2075 0 -8.1525 0 0 
20 13.92 10 -9.2 0 0 
0 19.97 20 0.77 0 0 
-20 12.61 0 9.6525 0 0 
-10 3.43 -10 7.5375 0 0 
0 0.3275 0 2.54 0 0 
0 0.0025 0 0.26 0 0 
0 0.0075 0 -0.2625 0 -0.2625 
10 0.4475 0 -2.0925 0 -2.0925 
10 4.1025 0 -5.71 0 -5.71 
10 13.7575 10 -6.5525 10 -6.5525 
0 19.9825 20 0.4075 20 0.4075 
-20 12.7775 0 6.7925 0 6.7925 
-10 3.5225 0 5.3875 0 5.3875 
0 0.3425 0 1.8375 0 1.8375 
0 0.005 -10 0.195 -10 0.195 
0 0.0075 0 0 0 -0.385 
0 0.4675 0 0 -10 -3.02 
10 4.2 0 0 -10 -8.145 
20 13.9075 0 0 10 -9.205 
0 19.9725 0 0 20 0.755 
-20 12.6225 0 0 0 9.65 
-10 3.4375 0 0 -10 7.545 
0 0.33 0 0 -10 2.5425 
0 0.0025 0 0 0 0.2625 
10 0.0075 0 0.275 0 -0.275 
0 0.4675 0 2.135 0 -2.135 
10 4.1675 0 5.7425 0 -5.7425 
20 13.9075 0 6.51 0 -6.51 
0 19.9725 -20 -0.52 20 0.52 
-10 12.5875 0 -6.83 0 6.83 
-10 3.4375 10 -5.335 -10 5.335 
0 0.345 10 -1.84 -10 1.8425 
0 0.005 0 -0.195 0 0.195 
0 0.0075 0 0.385 0 0 
0 0.465 0 3.0125 0 0 
10 4.1875 10 8.1375 0 0 
10 13.89 -10 9.2125 0 0 
0 19.9725 -20 -0.735 0 0 
-20 12.64 0 -9.645 0 0 
-10 3.445 10 -7.5525 0 0 
0 0.33 0 -2.55 0 0 
0 0.0025 0 -0.2625 0 0 
0 0.0075 0 0.27 0 0.27 
0 0.4625 0 2.125 0 2.125 
10 4.1775 10 5.75 10 5.75 
20 13.875 0 6.52 0 6.52 
-10 19.975 -10 -0.505 -10 -0.505 
-20 12.6575 0 -6.8175 0 -6.8175 
-10 3.455 0 -5.3475 0 -5.3475 
-10 0.3325 0 -1.8075 0 -1.8075 
0 0.0025 0 -0.1875 0 -0.1875 
0 0.0075 0 0 10 0.3725 
0 0.4525 0 0 0 2.975 
10 4.125 0 0 0 8.0925 
20 13.79 0 0 0 9.255 
0 19.975 0 0 -20 -0.695 
-20 12.675 0 0 0 -9.635 
-10 3.465 0 0 10 -7.57 
0 0.3325 0 0 0 -2.5625 
0 0.0025 0 0 0 -0.2675 
0 0.0075 0 -0.2625 0 0.2625 
0 0.45 0 -2.0975 0 2.0975 
10 4.115 0 -5.7175 0 5.7175 
20 13.7725 10 -6.5475 -10 6.5475 
0 19.9825 10 0.42 -10 -0.42 
-20 12.76 10 6.7975 -10 -6.7975 
-10 3.5125 0 5.38 0 -5.38 
-10 0.3425 0 1.8325 0 -1.8325 
0 0.005 0 0.1925 0 -0.1925 
0 0.0075 0 -0.3825 0 0 
0 0.465 -10 -3.0125 0 0 
10 4.185 -10 -8.135 0 0 
20 13.8875 0 -9.2125 0 0 
0 19.9725 20 0.73 0 0 
-20 12.645 10 9.645 0 0 
-10 3.4475 -10 7.555 0 0 
0 0.33 -10 2.55 0 0 
0 0.0025 0 0.265 0 0 
0 0.0075 0 -0.27 0 -0.27 
10 0.46 -10 -2.1225 -10 -2.1225 
10 4.1675 0 -5.7425 0 -5.7425 
20 13.8575 0 -6.525 0 -6.525 
0 19.975 20 0.49 20 0.49 
-20 12.675 10 6.8125 10 6.8125 
-10 3.465 -10 5.3525 -10 5.3525 
0 0.3325 -10 1.81 -10 1.81 
0 0.0025 0 0.1875 0 0.1875 
0 0.0075 0 0 0 -0.3825 
0 0.455 0 0 -10 -2.98 
10 4.135 0 0 -10 -8.1 
20 13.8075 0 0 10 -9.2475 
0 19.98 0 0 20 0.635 
-20 12.6575 0 0 0 9.64 
-10 3.4925 0 0 -10 7.595 
-10 0.3325 0 0 -10 2.555 
0 0.0025 0 0 0 0.27 
0 0.0075 0 0.2675 0 -0.2675 
0 0.4575 10 2.1125 -10 -2.1125 
10 4.145 10 5.7325 -10 -5.7325 
10 13.825 -10 6.5325 10 -6.5325 
0 19.9775 -10 -0.4625 10 0.4625 
-10 12.7075 0 -6.8075 0 6.8075 
-10 3.485 0 -5.365 0 5.365 
-10 0.3375 0 -1.82 0 1.82 
0 0.0025 0 -0.19 0 0.19 
0 0.0075 0 0.3825 0 0 
0 0.4625 10 3.0075 0 0 
10 4.1775 10 8.13 0 0 
20 13.875 -10 9.22 0 0 
-10 19.975 -20 -0.715 0 0 
-20 12.6575 0 -9.64 0 0 
-10 3.455 10 -7.56 0 0 
-10 0.3325 10 -2.555 0 0 
0 0.0025 0 -0.265 0 0 
0 0.0075 0 0.2675 0 0.2675 
0 0.4575 10 2.1175 10 2.1175 
10 4.1575 0 5.7375 0 5.7375 
20 13.84 -10 6.53 -10 6.53 
0 19.9775 -10 -0.4775 -10 -0.4775 
-20 12.6925 0 -6.81 0 -6.81 
-10 3.475 10 -5.3575 10 -5.3575 
0 0.335 10 -1.815 10 -1.815 
0 0.0025 10 -0.19 10 -0.19 
0 0.0075 0 0 0 0.3825 
0 0.4625 0 0 10 3.0075 
10 4.1775 0 0 10 8.13 
20 13.875 0 0 -10 9.22 
-10 19.975 0 0 -20 -0.715 
-20 12.6575 0 0 0 -9.64 
-10 3.455 0 0 10 -7.56 
-10 0.3325 0 0 10 -2.555 
0 0.0025 0 0 0 -0.265 
0 0.0075 0 -0.2675 0 0.2675 
0 0.4575 -10 -2.1175 10 2.1175 
10 4.2 -10 -5.76 10 5.76 
20 13.84 10 -6.53 -10 6.53 
0 19.9775 10 0.4775 -10 -0.4775 
-20 12.6925 0 6.81 0 -6.81 
-10 3.475 -10 5.3575 10 -5.3575 
0 0.33 -10 1.7975 10 -1.7975 
0 0.0025 -10 0.19 10 -0.19 
0 0.0075 0 -0.38 0 0 
10 0.46 -10 -3 0 0 
10 4.1675 -10 -8.1225 0 0 
20 13.8575 0 -9.225 0 0 
0 19.975 20 0.695 0 0 
-20 12.675 0 9.635 0 0 
-10 3.465 -10 7.57 0 0 
0 0.3325 0 2.5625 0 0 
0 0.0025 0 0.2675 0 0 
0 0.0075 0 -0.2675 0 -0.2675 
0 0.4575 -10 -2.1125 -10 -2.1125 
10 4.145 -10 -5.7325 -10 -5.7325 
10 13.825 10 -6.5325 10 -6.5325 
0 19.9775 10 0.4625 10 0.4625 
-10 12.7075 0 6.8075 0 6.8075 
-10 3.445 -10 5.34 -10 5.34 
0 0.33 0 1.8025 0 1.8025 
0 0.0025 0 0.1875 0 0.1875 
0 0.0075 0 0 0 -0.38 
10 0.46 0 0 -10 -3 
10 4.1675 0 0 -10 -8.1225 
20 13.8575 0 0 0 -9.225 
0 19.975 0 0 20 0.695 
-20 12.675 0 0 0 9.635 
-10 3.465 0 0 -10 7.57 
0 0.3325 0 0 0 2.5625 
0 0.0025 0 0 0 0.2675 
0 0.0075 0 0.2725 0 -0.2725 
0 0.465 0 2.13 0 -2.13 
10 4.1875 10 5.755 -10 -5.755 
10 13.89 0 6.515 0 -6.515 
0 19.9725 -20 -0.52 20 0.52 
-20 12.64 0 -6.82 0 6.82 
-10 3.445 10 -5.34 -10 5.34 
0 0.33 0 -1.8025 0 1.8025 
0 0.0025 0 -0.1875 0 0.1875 
0 0.0075 0 0.3775 0 0 
0 0.4575 0 2.9925 0 0 
10 4.1575 10 8.115 0 0 
20 13.84 -10 9.2325 0 0 
0 19.9775 -20 -0.675 0 0 
-20 12.6925 0 -9.63 0 0 
-10 3.475 10 -7.5775 0 0 
0 0.33 10 -2.5425 0 0 
0 0.0025 0 -0.2675 0 0 
0 0.0075 0 0.27 0 0.27 
0 0.4625 0 2.125 0 2.125 
10 4.1775 10 5.75 10 5.75 
20 13.875 0 6.52 0 6.52 
-10 19.975 -10 -0.505 -10 -0.505 
-20 12.6575 0 -6.8175 0 -6.8175 
-10 3.455 0 -5.3475 0 -5.3475 
-10 0.3325 0 -1.8075 0 -1.8075 
0 0.0025 0 -0.1875 0 -0.1875 
0 0.0075 0 0 0 0.3775 
0 0.465 0 0 0 3.0125 
10 4.145 0 0 10 8.1075 
10 13.89 0 0 -10 9.2125 
0 19.9775 0 0 -20 -0.655 
-10 12.7075 0 0 0 -9.625 
-10 3.485 0 0 0 -7.585 
-10 0.3375 0 0 0 -2.5725 
0 0.0025 0 0 10 -0.27 
0 0.0075 0 -0.27 0 0.27 
10 0.46 -10 -2.1225 10 2.1225 
10 4.1675 0 -5.7425 0 5.7425 
20 13.8575 0 -6.525 0 6.525 
0 19.975 20 0.49 -20 -0.49 
-20 12.675 10 6.8125 -10 -6.8125 
-10 3.465 -10 5.3525 10 -5.3525 
0 0.3325 -10 1.81 10 -1.81 
0 0.0025 0 0.1875 0 -0.1875 
0 0.0075 0 -0.385 0 0 
0 0.465 0 -3.0125 0 0 
10 4.1875 -10 -8.1375 0 0 
10 13.89 10 -9.2125 0 0 
0 19.9725 20 0.735 0 0 
-20 12.64 0 9.645 0 0 
-10 3.445 -10 7.5525 0 0 
0 0.33 0 2.55 0 0 
0 0.0025 0 0.2625 0 0 
0 0.0075 0 -0.27 0 -0.27 
10 0.46 -10 -2.1225 -10 -2.1225 
10 4.1675 0 -5.7425 0 -5.7425 
20 13.8575 0 -6.525 0 -6.525 
0 19.975 20 0.49 20 0.49 
-20 12.675 10 6.8125 10 6.8125 
-10 3.465 -10 5.3525 -10 5.3525 
0 0.3325 -10 1.81 -10 1.81 
0 0.0025 0 0.1875 0 0.1875 
