-65|0.000164428|-220
|Index|x_pos|y_pos|z_pos|x_vel|y_vel|z_vel|
|:-:|:-:|:-:|:-:|:-:|:-:|:-:|:-:|
|0|-65|0.000164428|-220|0.00763508|0|0.0150978|
|1|-64.9998|0.000164428|-220|0.0305406|0|0.060391|
|2|-64.9993|0.000164428|-219.999|0.0687185|0|0.135878|
|3|-64.9984|0.000164428|-219.997|0.122173|0|0.241553|
|4|-64.9968|0.000164428|-219.994|0.190913|0|0.377409|
|5|-64.9945|0.000164428|-219.989|0.274953|0|0.543431|
|6|-64.9912|0.000164428|-219.983|0.374315|0|0.739596|
|7|-64.9869|0.000164428|-219.974|0.489027|0|0.965875|
|8|-64.9814|0.000164428|-219.963|0.61913|0|1.22223|
|9|-64.9745|0.000164428|-219.95|0.764675|0|1.5086|
|10|-64.9661|0.000164428|-219.933|0.925724|0|1.82493|
|11|-64.9559|0.000164428|-219.913|1.10236|0|2.17115|
|12|-64.944|0.000164428|-219.89|1.29466|0|2.54714|
|13|-64.93|0.000164428|-219.862|1.50275|0|2.95281|
|14|-64.9139|0.000164428|-219.83|1.72675|0|3.38803|
|15|-64.8954|0.000164428|-219.794|1.96681|0|3.85263|
|16|-64.8745|0.000164428|-219.753|2.22308|0|4.34646|
|17|-64.8509|0.000164428|-219.707|2.49577|0|4.86931|
|18|-64.8245|0.000164428|-219.656|2.78509|0|5.42097|
|19|-64.7951|0.000164428|-219.599|3.09126|0|6.00119|
|20|-64.7626|0.000164428|-219.536|3.41455|0|6.6097|
|21|-64.7268|0.000164428|-219.466|3.75524|0|7.24618|
|22|-64.6875|0.000164428|-219.391|4.11365|0|7.91031|
|23|-64.6445|0.000164428|-219.308|4.49012|0|8.60173|
|24|-64.5976|0.000164428|-219.219|4.88502|0|9.32001|
|25|-64.5467|0.000164428|-219.122|5.29876|0|10.0647|
|26|-64.4916|0.000164428|-219.017|5.73175|0|10.8354|
|27|-64.432|0.000164428|-218.905|6.18447|0|11.6315|
|28|-64.3678|0.000164428|-218.784|6.65741|0|12.4526|
|29|-64.2988|0.000164428|-218.656|7.15109|0|13.2978|
|30|-64.2247|0.000164428|-218.518|7.66608|0|14.1668|
|31|-64.1454|0.000164428|-218.372|8.18769|0|15.059|
|32|-64.061|0.000164428|-218.217|8.70129|0|15.9744|
|33|-63.9714|0.000164428|-218.053|9.20756|0|16.9126|
|34|-63.8768|0.000164428|-217.879|9.70718|0|17.873|
|35|-63.7773|0.000164428|-217.695|10.2009|0|18.8552|
|36|-63.6728|0.000164428|-217.502|10.6895|0|19.8587|
|37|-63.5635|0.000164428|-217.298|11.1738|0|20.883|
|38|-63.4494|0.000164428|-217.084|11.6547|0|21.9277|
|39|-63.3304|0.000164428|-216.859|12.133|0|22.9923|
|40|-63.2067|0.000164428|-216.624|12.6096|0|24.0762|
|41|-63.0783|0.000164428|-216.378|13.0856|0|25.179|
|42|-62.945|0.000164428|-216.12|13.562|0|26.3002|
|43|-62.807|0.000164428|-215.852|14.0398|0|27.4392|
|44|-62.6642|0.000164428|-215.572|14.52|0|28.5956|
|45|-62.5166|0.000164428|-215.28|15.0039|0|29.7688|
|46|-62.3641|0.000164428|-214.976|15.4926|0|30.9583|
|47|-62.2067|0.000164428|-214.661|15.9874|0|32.1636|
|48|-62.0443|0.000164428|-214.333|16.4894|0|33.3841|
|49|-61.8769|0.000164428|-213.993|17|0|34.6193|
|50|-61.7043|0.000164428|-213.64|17.5205|0|35.8686|
|51|-61.5265|0.000164428|-213.275|18.0523|0|37.1315|
|52|-61.3432|0.000164428|-212.898|18.5969|0|38.4073|
|53|-61.1545|0.000164428|-212.507|19.1557|0|39.6955|
|54|-60.9601|0.000164428|-212.104|19.7302|0|40.9954|
|55|-60.7598|0.000164428|-211.687|20.322|0|42.3063|
|56|-60.5536|0.000164428|-211.258|20.9327|0|43.6277|
|57|-60.3411|0.000164428|-210.815|21.5639|0|44.9588|
|58|-60.1222|0.000164428|-210.358|22.2174|0|46.2989|
|59|-59.8967|0.000164428|-209.889|22.8948|0|47.6473|
|60|-59.6642|0.000164428|-209.405|23.5979|0|49.0031|
|61|-59.4246|0.000164428|-208.909|24.3286|0|50.3656|
|62|-59.1776|0.000164428|-208.398|25.0833|0|51.7064|
|63|-58.9229|0.000164428|-207.875|25.8571|0|52.9979|
|64|-58.6604|0.000164428|-207.338|26.6498|0|54.24|
|65|-58.3898|0.000164428|-206.79|27.4613|0|55.4329|
|66|-58.1111|0.000164428|-206.23|28.2914|0|56.5768|
|67|-57.8239|0.000164428|-205.659|29.1397|0|57.6716|
|68|-57.5282|0.000164428|-205.077|30.0058|0|58.7177|
|69|-57.2238|0.000164428|-204.484|30.8893|0|59.7153|
|70|-56.9104|0.000164428|-203.882|31.7897|0|60.6645|
|71|-56.5879|0.000164428|-203.271|32.7065|0|61.5656|
|72|-56.2562|0.000164428|-202.651|33.639|0|62.419|
|73|-55.9151|0.000164428|-202.023|34.5866|0|63.2249|
|74|-55.5644|0.000164428|-201.387|35.5486|0|63.9838|
|75|-55.2041|0.000164428|-200.744|36.5243|0|64.696|
|76|-54.8339|0.000164428|-200.093|37.513|0|65.3619|
|77|-54.4538|0.000164428|-199.436|38.5138|0|65.9821|
|78|-54.0636|0.000164428|-198.774|39.5261|0|66.5571|
|79|-53.6632|0.000164428|-198.105|40.5488|0|67.0873|
|80|-53.2526|0.000164428|-197.432|41.5813|0|67.5733|
|81|-52.8316|0.000164428|-196.754|42.6227|0|68.0158|
|82|-52.4001|0.000164428|-196.072|43.672|0|68.4155|
|83|-51.9581|0.000164428|-195.386|44.7286|0|68.7728|
|84|-51.5055|0.000164428|-194.697|45.7914|0|69.0887|
|85|-51.0422|0.000164428|-194.004|46.8596|0|69.3638|
|86|-50.5683|0.000164428|-193.31|47.9325|0|69.5988|
|87|-50.0836|0.000164428|-192.613|49.009|0|69.7947|
|88|-49.5881|0.000164428|-191.914|50.0885|0|69.9521|
|89|-49.0818|0.000164428|-191.214|51.17|0|70.0721|
|90|-48.5647|0.000164428|-190.512|52.2528|0|70.1554|
|91|-48.0367|0.000164428|-189.811|53.3362|0|70.2029|
|92|-47.498|0.000164428|-189.108|54.4192|0|70.2157|
|93|-46.9483|0.000164428|-188.406|55.5139|0|70.186|
|94|-46.3876|0.000164428|-187.705|56.6313|0|70.1053|
|95|-45.8156|0.000164428|-187.004|57.7697|0|69.9728|
|96|-45.2322|0.000164428|-186.306|58.9271|0|69.7881|
|97|-44.637|0.000164428|-185.609|60.1016|0|69.5506|
|98|-44.0301|0.000164428|-184.915|61.2912|0|69.2599|
|99|-43.4112|0.000164428|-184.224|62.4937|0|68.9155|
|100|-42.7802|0.000164428|-183.537|63.707|0|68.5171|
|101|-42.137|0.000164428|-182.854|64.9291|0|68.0643|
|102|-41.4816|0.000164428|-182.176|66.1576|0|67.557|
|103|-40.8138|0.000164428|-181.503|67.3904|0|66.9948|
|104|-40.1337|0.000164428|-180.836|68.6251|0|66.3776|
|105|-39.4413|0.000164428|-180.175|69.8595|0|65.7055|
|106|-38.7366|0.000164428|-179.522|71.0911|0|64.9784|
|107|-38.0195|0.000164428|-178.876|72.3177|0|64.1965|
|108|-37.2902|0.000164428|-178.238|73.5368|0|63.3599|
|109|-36.5488|0.000164428|-177.609|74.746|0|62.4689|
|110|-35.7954|0.000164428|-176.989|75.9429|0|61.5238|
|111|-35.03|0.000164428|-176.379|77.1251|0|60.5251|
|112|-34.2529|0.000164428|-175.779|78.2901|0|59.4733|
|113|-33.4643|0.000164428|-175.189|79.4355|0|58.369|
|114|-32.6643|0.000164428|-174.611|80.5588|0|57.2129|
|115|-31.8532|0.000164428|-174.045|81.6577|0|56.0059|
|116|-31.0312|0.000164428|-173.492|82.7297|0|54.7489|
|117|-30.1987|0.000164428|-172.951|83.7726|0|53.4427|
|118|-29.3559|0.000164428|-172.423|84.7838|0|52.0886|
|119|-28.5031|0.000164428|-171.909|85.7611|0|50.6877|
|120|-27.6408|0.000164428|-171.409|86.7022|0|49.2413|
|121|-26.7692|0.000164428|-170.924|87.6049|0|47.7508|
|122|-25.8888|0.000164428|-170.454|88.467|0|46.2175|
|123|-25|0.000164428|-170|89.2863|0|44.6432|
|124|-24.1032|0.000164428|-169.562|90.0692|0|43.0417|
|125|-23.1987|0.000164428|-169.139|90.8234|0|41.4265|
|126|-22.2868|0.000164428|-168.733|91.5484|0|39.798|
|127|-21.3678|0.000164428|-168.343|92.244|0|38.1568|
|128|-20.442|0.000164428|-167.97|92.9099|0|36.5033|
|129|-19.5097|0.000164428|-167.613|93.5458|0|34.8381|
|130|-18.5712|0.000164428|-167.273|94.1515|0|33.1617|
|131|-17.6268|0.000164428|-166.95|94.7267|0|31.4747|
|132|-16.6768|0.000164428|-166.644|95.2711|0|29.7776|
|133|-15.7215|0.000164428|-166.355|95.7846|0|28.0709|
|134|-14.7612|0.000164428|-166.082|96.2669|0|26.3553|
|135|-13.7963|0.000164428|-165.827|96.7179|0|24.6314|
|136|-12.827|0.000164428|-165.59|97.1373|0|22.8997|
|137|-11.8536|0.000164428|-165.369|97.5251|0|21.1608|
|138|-10.8766|0.000164428|-165.167|97.8812|0|19.4154|
|139|-9.8961|0.000164428|-164.981|98.2054|0|17.664|
|140|-8.91256|0.000164428|-164.813|98.4976|0|15.9072|
|141|-7.92626|0.000164428|-164.663|98.7579|0|14.1457|
|142|-6.93751|0.000164428|-164.53|98.9861|0|12.3801|
|143|-5.94664|0.000164428|-164.415|99.1822|0|10.6109|
|144|-4.95398|0.000164428|-164.318|99.3463|0|8.83878|
|145|-3.95983|0.000164428|-164.239|99.4784|0|7.06435|
|146|-2.96451|0.000164428|-164.177|99.5784|0|5.28817|
|147|-1.96836|0.000164428|-164.133|99.6465|0|3.51085|
|148|-0.97169|0.000164428|-164.107|99.6828|0|1.73296|
|149|0.0251865|0.000164428|-164.098|99.6873|0|-0.0449141|
|150|1.02195|0.000164428|-164.108|99.66|0|-1.82221|
|151|2.01828|0.000164428|-164.135|99.6012|0|-3.59836|
|152|3.01387|0.000164428|-164.18|99.5109|0|-5.37281|
|153|4.00839|0.000164428|-164.242|99.3892|0|-7.14503|
|154|5.00155|0.000164428|-164.322|99.2362|0|-8.91446|
|155|5.99302|0.000164428|-164.42|99.0522|0|-10.6806|
|156|6.98249|0.000164428|-164.536|98.8371|0|-12.4429|
|157|7.96966|0.000164428|-164.669|98.5913|0|-14.2008|
|158|8.95421|0.000164428|-164.82|98.3147|0|-15.9538|
|159|9.93585|0.000164428|-164.988|98.0075|0|-17.7015|
|160|10.9143|0.000164428|-165.174|97.6698|0|-19.4433|
|161|11.8891|0.000164428|-165.377|97.3019|0|-21.1786|
|162|12.8602|0.000164428|-165.598|96.9037|0|-22.9071|
|163|13.8271|0.000164428|-165.835|96.4755|0|-24.6282|
|164|14.7896|0.000164428|-166.09|96.0174|0|-26.3414|
|165|15.7474|0.000164428|-166.362|95.5295|0|-28.0462|
|166|16.7001|0.000164428|-166.651|95.0119|0|-29.7421|
|167|17.6475|0.000164428|-166.957|94.4647|0|-31.4286|
|168|18.5893|0.000164428|-167.28|93.8881|0|-33.1051|
|169|19.5252|0.000164428|-167.619|93.2823|0|-34.7712|
|170|20.4548|0.000164428|-167.975|92.6473|0|-36.4264|
|171|21.378|0.000164428|-168.348|91.9832|0|-38.0702|
|172|22.2944|0.000164428|-168.736|91.2903|0|-39.7019|
|173|23.2037|0.000164428|-169.142|90.5686|0|-41.3211|
|174|24.1057|0.000164428|-169.563|89.8183|0|-42.9273|
|175|25|0.000164428|-170|89.0397|0|-44.5198|
|176|25.8864|0.000164428|-170.453|88.225|0|-46.0856|
|177|26.7644|0.000164428|-170.922|87.3678|0|-47.6106|
|178|27.6336|0.000164428|-171.405|86.4704|0|-49.0932|
|179|28.4936|0.000164428|-171.903|85.5348|0|-50.532|
|180|29.3442|0.000164428|-172.416|84.5633|0|-51.9258|
|181|30.1848|0.000164428|-172.942|83.5581|0|-53.2731|
|182|31.0152|0.000164428|-173.481|82.5216|0|-54.5729|
|183|31.8351|0.000164428|-174.033|81.4561|0|-55.8241|
|184|32.6442|0.000164428|-174.597|80.3638|0|-57.0256|
|185|33.4423|0.000164428|-175.173|79.2473|0|-58.1766|
|186|34.2291|0.000164428|-175.761|78.1088|0|-59.2763|
|187|35.0044|0.000164428|-176.359|76.9509|0|-60.324|
|188|35.7681|0.000164428|-176.967|75.7758|0|-61.319|
|189|36.5199|0.000164428|-177.585|74.586|0|-62.2609|
|190|37.2598|0.000164428|-178.212|73.3839|0|-63.1491|
|191|37.9875|0.000164428|-178.848|72.1719|0|-63.9835|
|192|38.7032|0.000164428|-179.491|70.9524|0|-64.7636|
|193|39.4066|0.000164428|-180.143|69.7277|0|-65.4893|
|194|40.0977|0.000164428|-180.801|68.5002|0|-66.1604|
|195|40.7766|0.000164428|-181.466|67.2723|0|-66.7771|
|196|41.4432|0.000164428|-182.136|66.0461|0|-67.3393|
|197|42.0975|0.000164428|-182.812|64.824|0|-67.8471|
|198|42.7397|0.000164428|-183.493|63.6083|0|-68.3008|
|199|43.3697|0.000164428|-184.178|62.401|0|-68.7005|
|200|43.9877|0.000164428|-184.867|61.2043|0|-69.0466|
|201|44.5938|0.000164428|-185.559|60.0203|0|-69.3394|
|202|45.1882|0.000164428|-186.254|58.8512|0|-69.5795|
|203|45.7709|0.000164428|-186.95|57.6988|0|-69.7671|
|204|46.3422|0.000164428|-187.649|56.5651|0|-69.9029|
|205|46.9023|0.000164428|-188.348|55.452|0|-69.9874|
|206|47.4513|0.000164428|-189.048|54.3615|0|-70.0211|
|207|47.9896|0.000164428|-189.749|53.2844|0|-70.0115|
|208|48.517|0.000164428|-190.448|52.207|0|-69.9673|
|209|49.0337|0.000164428|-191.148|51.1301|0|-69.8878|
|210|49.5396|0.000164428|-191.846|50.0544|0|-69.772|
|211|50.0348|0.000164428|-192.543|48.9806|0|-69.6191|
|212|50.5192|0.000164428|-193.238|47.9097|0|-69.4282|
|213|50.993|0.000164428|-193.932|46.8423|0|-69.1986|
|214|51.4561|0.000164428|-194.622|45.7794|0|-68.9293|
|215|51.9086|0.000164428|-195.31|44.7219|0|-68.6196|
|216|52.3506|0.000164428|-195.994|43.6704|0|-68.2689|
|217|52.782|0.000164428|-196.675|42.626|0|-67.8763|
|218|53.2031|0.000164428|-197.352|41.5894|0|-67.4413|
|219|53.6139|0.000164428|-198.024|40.5615|0|-66.9631|
|220|54.0144|0.000164428|-198.691|39.5431|0|-66.4413|
|221|54.4048|0.000164428|-199.353|38.5352|0|-65.8751|
|222|54.7851|0.000164428|-200.008|37.5383|0|-65.2641|
|223|55.1556|0.000164428|-200.658|36.5535|0|-64.6079|
|224|55.5162|0.000164428|-201.3|35.5814|0|-63.9058|
|225|55.8672|0.000164428|-201.936|34.6228|0|-63.1575|
|226|56.2087|0.000164428|-202.563|33.6784|0|-62.3625|
|227|56.5409|0.000164428|-203.183|32.7488|0|-61.5206|
|228|56.8638|0.000164428|-203.794|31.8348|0|-60.6313|
|229|57.1776|0.000164428|-204.395|30.9369|0|-59.6945|
|230|57.4826|0.000164428|-204.987|30.0557|0|-58.7097|
|231|57.7788|0.000164428|-205.569|29.1917|0|-57.6768|
|232|58.0664|0.000164428|-206.141|28.3453|0|-56.5955|
|233|58.3457|0.000164428|-206.701|27.5169|0|-55.4657|
|234|58.6168|0.000164428|-207.25|26.7068|0|-54.2873|
|235|58.8799|0.000164428|-207.787|25.9154|0|-53.06|
|236|59.1352|0.000164428|-208.311|25.1428|0|-51.7839|
|237|59.3829|0.000164428|-208.822|24.389|0|-50.4588|
|238|59.6231|0.000164428|-209.32|23.6576|0|-49.1036|
|239|59.8561|0.000164428|-209.804|22.9536|0|-47.754|
|240|60.0822|0.000164428|-210.275|22.2755|0|-46.4117|
|241|60.3017|0.000164428|-210.732|21.6215|0|-45.0774|
|242|60.5147|0.000164428|-211.177|20.9898|0|-43.752|
|243|60.7216|0.000164428|-211.608|20.3788|0|-42.4361|
|244|60.9224|0.000164428|-212.025|19.7868|0|-41.1303|
|245|61.1174|0.000164428|-212.43|19.2123|0|-39.8354|
|246|61.3067|0.000164428|-212.822|18.6537|0|-38.5521|
|247|61.4905|0.000164428|-213.201|18.1094|0|-37.2808|
|248|61.6689|0.000164428|-213.568|17.5781|0|-36.0223|
|249|61.8421|0.000164428|-213.922|17.0583|0|-34.7771|
|250|62.0101|0.000164428|-214.263|16.5486|0|-33.5457|
|251|62.1731|0.000164428|-214.593|16.0477|0|-32.3289|
|252|62.3311|0.000164428|-214.91|15.5543|0|-31.127|
|253|62.4842|0.000164428|-215.215|15.0671|0|-29.9406|
|254|62.6324|0.000164428|-215.509|14.5849|0|-28.7703|
|255|62.7759|0.000164428|-215.791|14.1066|0|-27.6166|
|256|62.9146|0.000164428|-216.061|13.631|0|-26.48|
|257|63.0485|0.000164428|-216.32|13.157|0|-25.3609|
|258|63.1777|0.000164428|-216.569|12.6837|0|-24.26|
|259|63.3022|0.000164428|-216.806|12.2099|0|-23.1777|
|260|63.4219|0.000164428|-217.032|11.7347|0|-22.1145|
|261|63.5369|0.000164428|-217.248|11.2572|0|-21.0709|
|262|63.647|0.000164428|-217.454|10.7764|0|-20.0473|
|263|63.7524|0.000164428|-217.649|10.2916|0|-19.0443|
|264|63.8529|0.000164428|-217.835|9.80193|0|-18.0623|
|265|63.9484|0.000164428|-218.01|9.30657|0|-17.1018|
|266|64.039|0.000164428|-218.177|8.80481|0|-16.1632|
|267|64.1245|0.000164428|-218.334|8.29595|0|-15.2471|
|268|64.2049|0.000164428|-218.482|7.7793|0|-14.3538|
|269|64.2801|0.000164428|-218.621|7.2626|0|-13.4837|
|270|64.3502|0.000164428|-218.751|6.76616|0|-12.6369|
|271|64.4155|0.000164428|-218.874|6.29044|0|-11.814|
|272|64.4761|0.000164428|-218.988|5.83491|0|-11.0156|
|273|64.5322|0.000164428|-219.094|5.39906|0|-10.2423|
|274|64.5841|0.000164428|-219.193|4.98245|0|-9.49465|
|275|64.6319|0.000164428|-219.284|4.58462|0|-8.77305|
|276|64.6759|0.000164428|-219.368|4.20517|0|-8.078|
|277|64.7161|0.000164428|-219.446|3.84374|0|-7.40989|
|278|64.7528|0.000164428|-219.517|3.49997|0|-6.7691|
|279|64.7861|0.000164428|-219.581|3.17355|0|-6.15597|
|280|64.8163|0.000164428|-219.64|2.86418|0|-5.5708|
|281|64.8435|0.000164428|-219.693|2.5716|0|-5.01389|
|282|64.8678|0.000164428|-219.74|2.29558|0|-4.48547|
|283|64.8895|0.000164428|-219.782|2.03589|0|-3.98578|
|284|64.9086|0.000164428|-219.82|1.79234|0|-3.51501|
|285|64.9254|0.000164428|-219.853|1.56476|0|-3.07335|
|286|64.9399|0.000164428|-219.882|1.35301|0|-2.66094|
|287|64.9525|0.000164428|-219.906|1.15694|0|-2.27792|
|288|64.9631|0.000164428|-219.927|0.976453|0|-1.92441|
|289|64.972|0.000164428|-219.945|0.811444|0|-1.6005|
|290|64.9794|0.000164428|-219.959|0.661834|0|-1.30628|
|291|64.9853|0.000164428|-219.971|0.527557|0|-1.04181|
|292|64.99|0.000164428|-219.98|0.408559|0|-0.807159|
|293|64.9936|0.000164428|-219.987|0.304796|0|-0.602357|
|294|64.9961|0.000164428|-219.992|0.216237|0|-0.427442|
|295|64.9979|0.000164428|-219.996|0.142858|0|-0.282436|
|296|64.9991|0.000164428|-219.998|0.0846416|0|-0.167358|
|297|64.9997|0.000164428|-219.999|0.0415787|0|-0.0822161|
|298|64.9999|0.000164428|-220|0.0136631|0|-0.0270175|
|299|65|0.000164428|-220|0.000892305|0|-0.00176446|
|300|65|0.000164428|-220|1.77636e-015|0|-1.44329e-014|
|301|65|0.000164428|-220|-0.00763512|0|0.0150978|
|302|64.9998|0.000164428|-220|-0.0305408|0|0.0603909|
|303|64.9993|0.000164428|-219.999|-0.0687188|0|0.135878|
|304|64.9984|0.000164428|-219.997|-0.122174|0|0.241553|
|305|64.9968|0.000164428|-219.994|-0.190914|0|0.377409|
|306|64.9945|0.000164428|-219.989|-0.274955|0|0.54343|
|307|64.9913|0.000164428|-219.983|-0.374317|0|0.739594|
|308|64.987|0.000164428|-219.974|-0.48903|0|0.965873|
|309|64.9814|0.000164428|-219.963|-0.619134|0|1.22223|
|310|64.9745|0.000164428|-219.95|-0.764679|0|1.5086|
|311|64.9661|0.000164428|-219.933|-0.925729|0|1.82493|
|312|64.956|0.000164428|-219.913|-1.10236|0|2.17114|
|313|64.944|0.000164428|-219.89|-1.29467|0|2.54714|
|314|64.93|0.000164428|-219.862|-1.50276|0|2.95281|
|315|64.9139|0.000164428|-219.83|-1.72676|0|3.38802|
|316|64.8954|0.000164428|-219.794|-1.96682|0|3.85263|
|317|64.8745|0.000164428|-219.753|-2.2231|0|4.34645|
|318|64.8509|0.000164428|-219.707|-2.49579|0|4.8693|
|319|64.8245|0.000164428|-219.656|-2.7851|0|5.42096|
|320|64.7952|0.000164428|-219.599|-3.09127|0|6.00118|
|321|64.7626|0.000164428|-219.536|-3.41456|0|6.60968|
|322|64.7268|0.000164428|-219.466|-3.75526|0|7.24617|
|323|64.6875|0.000164428|-219.391|-4.11367|0|7.9103|
|324|64.6445|0.000164428|-219.308|-4.49014|0|8.60171|
|325|64.5976|0.000164428|-219.218|-4.88505|0|9.31999|
|326|64.5467|0.000164428|-219.122|-5.29878|0|10.0647|
|327|64.4916|0.000164428|-219.017|-5.73178|0|10.8354|
|328|64.432|0.000164428|-218.905|-6.1845|0|11.6315|
|329|64.3678|0.000164428|-218.784|-6.65744|0|12.4525|
|330|64.2988|0.000164428|-218.656|-7.15113|0|13.2978|
|331|64.2247|0.000164428|-218.518|-7.66611|0|14.1667|
|332|64.1454|0.000164428|-218.372|-8.18773|0|15.059|
|333|64.061|0.000164428|-218.217|-8.70134|0|15.9744|
|334|63.9714|0.000164428|-218.053|-9.2076|0|16.9125|
|335|63.8769|0.000164428|-217.879|-9.70723|0|17.8729|
|336|63.7773|0.000164428|-217.695|-10.201|0|18.8551|
|337|63.6729|0.000164428|-217.502|-10.6896|0|19.8586|
|338|63.5635|0.000164428|-217.298|-11.1739|0|20.883|
|339|63.4494|0.000164428|-217.084|-11.6547|0|21.9277|
|340|63.3305|0.000164428|-216.859|-12.133|0|22.9922|
|341|63.2067|0.000164428|-216.624|-12.6097|0|24.0761|
|342|63.0783|0.000164428|-216.378|-13.0857|0|25.1789|
|343|62.945|0.000164428|-216.12|-13.5621|0|26.3001|
|344|62.807|0.000164428|-215.852|-14.0398|0|27.4391|
|345|62.6642|0.000164428|-215.571|-14.5201|0|28.5955|
|346|62.5166|0.000164428|-215.28|-15.004|0|29.7687|
|347|62.3641|0.000164428|-214.976|-15.4927|0|30.9582|
|348|62.2067|0.000164428|-214.66|-15.9874|0|32.1635|
|349|62.0444|0.000164428|-214.333|-16.4894|0|33.384|
|350|61.8769|0.000164428|-213.993|-17|0|34.6192|
|351|61.7043|0.000164428|-213.64|-17.5206|0|35.8686|
|352|61.5265|0.000164428|-213.275|-18.0524|0|37.1314|
|353|61.3432|0.000164428|-212.898|-18.597|0|38.4072|
|354|61.1545|0.000164428|-212.507|-19.1557|0|39.6954|
|355|60.9601|0.000164428|-212.104|-19.7303|0|40.9953|
|356|60.7598|0.000164428|-211.687|-20.3221|0|42.3062|
|357|60.5536|0.000164428|-211.258|-20.9328|0|43.6276|
|358|60.3411|0.000164428|-210.815|-21.564|0|44.9587|
|359|60.1222|0.000164428|-210.358|-22.2174|0|46.2988|
|360|59.8967|0.000164428|-209.889|-22.8949|0|47.6472|
|361|59.6642|0.000164428|-209.405|-23.598|0|49.003|
|362|59.4246|0.000164428|-208.909|-24.3287|0|50.3655|
|363|59.1776|0.000164428|-208.398|-25.0834|0|51.7063|
|364|58.9229|0.000164428|-207.875|-25.8571|0|52.9977|
|365|58.6604|0.000164428|-207.338|-26.6499|0|54.2399|
|366|58.3898|0.000164428|-206.79|-27.4614|0|55.4328|
|367|58.1111|0.000164428|-206.23|-28.2915|0|56.5766|
|368|57.8239|0.000164428|-205.659|-29.1397|0|57.6715|
|369|57.5282|0.000164428|-205.077|-30.0059|0|58.7176|
|370|57.2238|0.000164428|-204.484|-30.8894|0|59.7152|
|371|56.9104|0.000164428|-203.882|-31.7898|0|60.6643|
|372|56.5879|0.000164428|-203.271|-32.7066|0|61.5655|
|373|56.2562|0.000164428|-202.651|-33.6391|0|62.4188|
|374|55.9151|0.000164428|-202.023|-34.5867|0|63.2248|
|375|55.5644|0.000164428|-201.387|-35.5487|0|63.9836|
|376|55.2041|0.000164428|-200.743|-36.5244|0|64.6958|
|377|54.8339|0.000164428|-200.093|-37.5131|0|65.3618|
|378|54.4537|0.000164428|-199.436|-38.5139|0|65.982|
|379|54.0636|0.000164428|-198.774|-39.5261|0|66.5569|
|380|53.6632|0.000164428|-198.105|-40.5489|0|67.0871|
|381|53.2525|0.000164428|-197.432|-41.5814|0|67.5732|
|382|52.8315|0.000164428|-196.754|-42.6227|0|68.0157|
|383|52.4001|0.000164428|-196.072|-43.6721|0|68.4153|
|384|51.9581|0.000164428|-195.386|-44.7286|0|68.7727|
|385|51.5055|0.000164428|-194.697|-45.7914|0|69.0885|
|386|51.0422|0.000164428|-194.004|-46.8597|0|69.3636|
|387|50.5683|0.000164428|-193.309|-47.9325|0|69.5987|
|388|50.0836|0.000164428|-192.612|-49.009|0|69.7945|
|389|49.5881|0.000164428|-191.914|-50.0885|0|69.952|
|390|49.0818|0.000164428|-191.214|-51.17|0|70.0719|
|391|48.5647|0.000164428|-190.512|-52.2529|0|70.1552|
|392|48.0367|0.000164428|-189.811|-53.3362|0|70.2028|
|393|47.4979|0.000164428|-189.108|-54.4192|0|70.2155|
|394|46.9483|0.000164428|-188.406|-55.5139|0|70.1859|
|395|46.3876|0.000164428|-187.705|-56.6313|0|70.1051|
|396|45.8156|0.000164428|-187.004|-57.7697|0|69.9727|
|397|45.2321|0.000164428|-186.306|-58.9271|0|69.788|
|398|44.637|0.000164428|-185.609|-60.1016|0|69.5505|
|399|44.0301|0.000164428|-184.915|-61.2911|0|69.2598|
|400|43.4111|0.000164428|-184.224|-62.4936|0|68.9154|
|401|42.7801|0.000164428|-183.537|-63.707|0|68.517|
|402|42.137|0.000164428|-182.854|-64.929|0|68.0642|
|403|41.4815|0.000164428|-182.176|-66.1576|0|67.5568|
|404|40.8138|0.000164428|-181.503|-67.3903|0|66.9946|
|405|40.1337|0.000164428|-180.836|-68.6251|0|66.3775|
|406|39.4413|0.000164428|-180.175|-69.8594|0|65.7054|
|407|38.7366|0.000164428|-179.522|-71.0911|0|64.9783|
|408|38.0195|0.000164428|-178.876|-72.3176|0|64.1964|
|409|37.2902|0.000164428|-178.238|-73.5367|0|63.3598|
|410|36.5488|0.000164428|-177.609|-74.7459|0|62.4688|
|411|35.7953|0.000164428|-176.989|-75.9428|0|61.5237|
|412|35.03|0.000164428|-176.379|-77.125|0|60.525|
|413|34.2529|0.000164428|-175.779|-78.29|0|59.4732|
|414|33.4643|0.000164428|-175.189|-79.4354|0|58.3689|
|415|32.6643|0.000164428|-174.611|-80.5587|0|57.2128|
|416|31.8532|0.000164428|-174.045|-81.6576|0|56.0058|
|417|31.0312|0.000164428|-173.492|-82.7296|0|54.7488|
|418|30.1987|0.000164428|-172.951|-83.7724|0|53.4426|
|419|29.3559|0.000164428|-172.423|-84.7837|0|52.0886|
|420|28.5031|0.000164428|-171.909|-85.761|0|50.6877|
|421|27.6408|0.000164428|-171.409|-86.7021|0|49.2413|
|422|26.7692|0.000164428|-170.924|-87.6048|0|47.7507|
|423|25.8888|0.000164428|-170.454|-88.4669|0|46.2175|
|424|25|0.000164428|-170|-89.2862|0|44.6431|
|425|24.1032|0.000164428|-169.562|-90.0691|0|43.0417|
|426|23.1987|0.000164428|-169.139|-90.8232|0|41.4265|
|427|22.2868|0.000164428|-168.733|-91.5482|0|39.798|
|428|21.3678|0.000164428|-168.343|-92.2438|0|38.1568|
|429|20.4421|0.000164428|-167.97|-92.9098|0|36.5033|
|430|19.5098|0.000164428|-167.613|-93.5457|0|34.8381|
|431|18.5712|0.000164428|-167.273|-94.1514|0|33.1617|
|432|17.6268|0.000164428|-166.95|-94.7265|0|31.4747|
|433|16.6768|0.000164428|-166.644|-95.271|0|29.7775|
|434|15.7215|0.000164428|-166.355|-95.7845|0|28.0709|
|435|14.7612|0.000164428|-166.082|-96.2668|0|26.3553|
|436|13.7963|0.000164428|-165.827|-96.7177|0|24.6314|
|437|12.827|0.000164428|-165.59|-97.1372|0|22.8997|
|438|11.8536|0.000164428|-165.37|-97.525|0|21.1608|
|439|10.8766|0.000164428|-165.167|-97.8811|0|19.4154|
|440|9.89612|0.000164428|-164.981|-98.2053|0|17.664|
|441|8.91258|0.000164428|-164.813|-98.4975|0|15.9072|
|442|7.92628|0.000164428|-164.663|-98.7578|0|14.1457|
|443|6.93754|0.000164428|-164.53|-98.986|0|12.3801|
|444|5.94667|0.000164428|-164.415|-99.1821|0|10.6109|
|445|4.954|0.000164428|-164.318|-99.3462|0|8.83882|
|446|3.95985|0.000164428|-164.239|-99.4783|0|7.06439|
|447|2.96454|0.000164428|-164.177|-99.5784|0|5.28821|
|448|1.96839|0.000164428|-164.133|-99.6465|0|3.51089|
|449|0.971716|0.000164428|-164.107|-99.6828|0|1.73301|
|450|-0.0251606|0.000164428|-164.098|-99.6873|0|-0.0448679|
|451|-1.02192|0.000164428|-164.108|-99.66|0|-1.82216|
|452|-2.01826|0.000164428|-164.135|-99.6012|0|-3.59831|
|453|-3.01384|0.000164428|-164.18|-99.5109|0|-5.37277|
|454|-4.00837|0.000164428|-164.242|-99.3892|0|-7.14498|
|455|-5.00152|0.000164428|-164.322|-99.2363|0|-8.91442|
|456|-5.99299|0.000164428|-164.42|-99.0523|0|-10.6805|
|457|-6.98246|0.000164428|-164.536|-98.8372|0|-12.4428|
|458|-7.96963|0.000164428|-164.669|-98.5913|0|-14.2007|
|459|-8.95419|0.000164428|-164.82|-98.3148|0|-15.9538|
|460|-9.93583|0.000164428|-164.988|-98.0076|0|-17.7015|
|461|-10.9142|0.000164428|-165.174|-97.6699|0|-19.4432|
|462|-11.8891|0.000164428|-165.377|-97.302|0|-21.1786|
|463|-12.8602|0.000164428|-165.598|-96.9039|0|-22.9071|
|464|-13.8271|0.000164428|-165.835|-96.4757|0|-24.6282|
|465|-14.7896|0.000164428|-166.09|-96.0175|0|-26.3414|
|466|-15.7474|0.000164428|-166.362|-95.5296|0|-28.0462|
|467|-16.7001|0.000164428|-166.651|-95.012|0|-29.7421|
|468|-17.6475|0.000164428|-166.957|-94.4649|0|-31.4286|
|469|-18.5893|0.000164428|-167.28|-93.8883|0|-33.1051|
|470|-19.5252|0.000164428|-167.619|-93.2824|0|-34.7713|
|471|-20.4548|0.000164428|-167.975|-92.6474|0|-36.4265|
|472|-21.378|0.000164428|-168.348|-91.9833|0|-38.0702|
|473|-22.2944|0.000164428|-168.736|-91.2904|0|-39.7019|
|474|-23.2037|0.000164428|-169.141|-90.5687|0|-41.3212|
|475|-24.1057|0.000164428|-169.563|-89.8185|0|-42.9273|
|476|-25|0.000164428|-170|-89.0398|0|-44.5199|
|477|-25.8864|0.000164428|-170.453|-88.2251|0|-46.0857|
|478|-26.7644|0.000164428|-170.922|-87.368|0|-47.6106|
|479|-27.6336|0.000164428|-171.405|-86.4705|0|-49.0933|
|480|-28.4936|0.000164428|-171.903|-85.5349|0|-50.5321|
|481|-29.3442|0.000164428|-172.416|-84.5634|0|-51.9259|
|482|-30.1848|0.000164428|-172.942|-83.5583|0|-53.2732|
|483|-31.0152|0.000164428|-173.481|-82.5217|0|-54.573|
|484|-31.8351|0.000164428|-174.033|-81.4562|0|-55.8242|
|485|-32.6443|0.000164428|-174.597|-80.3639|0|-57.0257|
|486|-33.4423|0.000164428|-175.173|-79.2474|0|-58.1767|
|487|-34.2291|0.000164428|-175.761|-78.1089|0|-59.2764|
|488|-35.0044|0.000164428|-176.359|-76.9509|0|-60.3241|
|489|-35.7681|0.000164428|-176.967|-75.7758|0|-61.3191|
|490|-36.5199|0.000164428|-177.585|-74.586|0|-62.261|
|491|-37.2598|0.000164428|-178.212|-73.3839|0|-63.1493|
|492|-37.9876|0.000164428|-178.848|-72.1719|0|-63.9836|
|493|-38.7032|0.000164428|-179.491|-70.9524|0|-64.7637|
|494|-39.4066|0.000164428|-180.143|-69.7278|0|-65.4894|
|495|-40.0977|0.000164428|-180.801|-68.5003|0|-66.1606|
|496|-40.7766|0.000164428|-181.466|-67.2723|0|-66.7772|
|497|-41.4432|0.000164428|-182.136|-66.0462|0|-67.3394|
|498|-42.0975|0.000164428|-182.812|-64.8241|0|-67.8472|
|499|-42.7397|0.000164428|-183.493|-63.6083|0|-68.3009|
|500|-43.3697|0.000164428|-184.178|-62.401|0|-68.7006|
|501|-43.9877|0.000164428|-184.867|-61.2043|0|-69.0467|
|502|-44.5939|0.000164428|-185.559|-60.0204|0|-69.3396|
|503|-45.1882|0.000164428|-186.254|-58.8512|0|-69.5796|
|504|-45.7709|0.000164428|-186.95|-57.6988|0|-69.7672|
|505|-46.3422|0.000164428|-187.649|-56.5651|0|-69.903|
|506|-46.9023|0.000164428|-188.348|-55.4521|0|-69.9875|
|507|-47.4514|0.000164428|-189.048|-54.3615|0|-70.0212|
|508|-47.9896|0.000164428|-189.749|-53.2844|0|-70.0116|
|509|-48.517|0.000164428|-190.448|-52.207|0|-69.9674|
|510|-49.0337|0.000164428|-191.148|-51.1301|0|-69.8879|
|511|-49.5397|0.000164428|-191.846|-50.0544|0|-69.7721|
|512|-50.0348|0.000164428|-192.543|-48.9806|0|-69.6192|
|513|-50.5193|0.000164428|-193.238|-47.9097|0|-69.4283|
|514|-50.993|0.000164428|-193.932|-46.8423|0|-69.1986|
|515|-51.4561|0.000164428|-194.622|-45.7795|0|-68.9294|
|516|-51.9086|0.000164428|-195.31|-44.7219|0|-68.6197|
|517|-52.3506|0.000164428|-195.994|-43.6704|0|-68.2689|
|518|-52.7821|0.000164428|-196.675|-42.626|0|-67.8764|
|519|-53.2031|0.000164428|-197.352|-41.5894|0|-67.4413|
|520|-53.6139|0.000164428|-198.024|-40.5615|0|-66.9632|
|521|-54.0144|0.000164428|-198.691|-39.5431|0|-66.4413|
|522|-54.4048|0.000164428|-199.353|-38.5351|0|-65.8752|
|523|-54.7851|0.000164428|-200.008|-37.5383|0|-65.2642|
|524|-55.1556|0.000164428|-200.658|-36.5535|0|-64.6079|
|525|-55.5163|0.000164428|-201.3|-35.5814|0|-63.9058|
|526|-55.8673|0.000164428|-201.936|-34.6228|0|-63.1575|
|527|-56.2088|0.000164428|-202.563|-33.6783|0|-62.3626|
|528|-56.5409|0.000164428|-203.183|-32.7488|0|-61.5206|
|529|-56.8638|0.000164428|-203.794|-31.8348|0|-60.6314|
|530|-57.1776|0.000164428|-204.395|-30.9369|0|-59.6945|
|531|-57.4826|0.000164428|-204.987|-30.0557|0|-58.7097|
|532|-57.7788|0.000164428|-205.569|-29.1917|0|-57.6768|
|533|-58.0665|0.000164428|-206.141|-28.3453|0|-56.5955|
|534|-58.3458|0.000164428|-206.701|-27.5169|0|-55.4657|
|535|-58.6169|0.000164428|-207.25|-26.7068|0|-54.2872|
|536|-58.88|0.000164428|-207.787|-25.9154|0|-53.06|
|537|-59.1352|0.000164428|-208.311|-25.1427|0|-51.7838|
|538|-59.3829|0.000164428|-208.822|-24.389|0|-50.4587|
|539|-59.6231|0.000164428|-209.32|-23.6575|0|-49.1035|
|540|-59.8561|0.000164428|-209.804|-22.9536|0|-47.7539|
|541|-60.0822|0.000164428|-210.275|-22.2755|0|-46.4116|
|542|-60.3017|0.000164428|-210.733|-21.6215|0|-45.0774|
|543|-60.5147|0.000164428|-211.177|-20.9898|0|-43.7519|
|544|-60.7216|0.000164428|-211.608|-20.3788|0|-42.436|
|545|-60.9224|0.000164428|-212.025|-19.7868|0|-41.1302|
|546|-61.1174|0.000164428|-212.43|-19.2123|0|-39.8354|
|547|-61.3067|0.000164428|-212.822|-18.6536|0|-38.552|
|548|-61.4905|0.000164428|-213.201|-18.1094|0|-37.2807|
|549|-61.6689|0.000164428|-213.568|-17.5781|0|-36.0222|
|550|-61.8421|0.000164428|-213.922|-17.0583|0|-34.777|
|551|-62.0101|0.000164428|-214.263|-16.5486|0|-33.5457|
|552|-62.1731|0.000164428|-214.593|-16.0477|0|-32.3288|
|553|-62.3311|0.000164428|-214.91|-15.5542|0|-31.1269|
|554|-62.4842|0.000164428|-215.215|-15.067|0|-29.9405|
|555|-62.6325|0.000164428|-215.509|-14.5849|0|-28.7702|
|556|-62.7759|0.000164428|-215.791|-14.1066|0|-27.6165|
|557|-62.9146|0.000164428|-216.061|-13.631|0|-26.4799|
|558|-63.0485|0.000164428|-216.32|-13.157|0|-25.3609|
|559|-63.1777|0.000164428|-216.569|-12.6836|0|-24.2599|
|560|-63.3022|0.000164428|-216.806|-12.2098|0|-23.1776|
|561|-63.4219|0.000164428|-217.032|-11.7346|0|-22.1144|
|562|-63.5369|0.000164428|-217.248|-11.2571|0|-21.0708|
|563|-63.6471|0.000164428|-217.454|-10.7764|0|-20.0472|
|564|-63.7524|0.000164428|-217.649|-10.2916|0|-19.0442|
|565|-63.8529|0.000164428|-217.835|-9.80188|0|-18.0622|
|566|-63.9484|0.000164428|-218.01|-9.30652|0|-17.1017|
|567|-64.039|0.000164428|-218.177|-8.80476|0|-16.1631|
|568|-64.1245|0.000164428|-218.334|-8.29589|0|-15.247|
|569|-64.2049|0.000164428|-218.482|-7.77924|0|-14.3537|
|570|-64.2801|0.000164428|-218.621|-7.26254|0|-13.4836|
|571|-64.3502|0.000164428|-218.751|-6.7661|0|-12.6368|
|572|-64.4155|0.000164428|-218.874|-6.29039|0|-11.8139|
|573|-64.4761|0.000164428|-218.988|-5.83485|0|-11.0155|
|574|-64.5322|0.000164428|-219.094|-5.39901|0|-10.2422|
|575|-64.5841|0.000164428|-219.193|-4.9824|0|-9.49456|
|576|-64.6319|0.000164428|-219.284|-4.58457|0|-8.77297|
|577|-64.6759|0.000164428|-219.368|-4.20513|0|-8.07791|
|578|-64.7161|0.000164428|-219.446|-3.84369|0|-7.40981|
|579|-64.7528|0.000164428|-219.517|-3.49993|0|-6.76902|
|580|-64.7862|0.000164428|-219.581|-3.1735|0|-6.15589|
|581|-64.8163|0.000164428|-219.64|-2.86414|0|-5.57073|
|582|-64.8435|0.000164428|-219.693|-2.57156|0|-5.01381|
|583|-64.8678|0.000164428|-219.74|-2.29554|0|-4.4854|
|584|-64.8895|0.000164428|-219.783|-2.03585|0|-3.98571|
|585|-64.9086|0.000164428|-219.82|-1.7923|0|-3.51495|
|586|-64.9254|0.000164428|-219.853|-1.56473|0|-3.07329|
|587|-64.9399|0.000164428|-219.882|-1.35298|0|-2.66088|
|588|-64.9525|0.000164428|-219.906|-1.15691|0|-2.27786|
|589|-64.9631|0.000164428|-219.927|-0.976426|0|-1.92436|
|590|-64.972|0.000164428|-219.945|-0.81142|0|-1.60045|
|591|-64.9794|0.000164428|-219.959|-0.661812|0|-1.30623|
|592|-64.9853|0.000164428|-219.971|-0.527537|0|-1.04177|
|593|-64.99|0.000164428|-219.98|-0.408541|0|-0.807123|
|594|-64.9936|0.000164428|-219.987|-0.30478|0|-0.602326|
|595|-64.9961|0.000164428|-219.992|-0.216224|0|-0.427415|
|596|-64.9979|0.000164428|-219.996|-0.142847|0|-0.282415|
|597|-64.9991|0.000164428|-219.998|-0.084633|0|-0.167341|
|598|-64.9997|0.000164428|-219.999|-0.0415726|0|-0.082204|
|599|-64.9999|0.000164428|-220|-0.0136595|0|-0.0270105|
|600|-65|0.000164428|-220|-0.000891388|0|-0.00176265|
|601|-65|0.000164428|-220|-0|0|0|
